path	admissionMs	drainMs	costSeconds
action-affordance/tests/001.test.mjs	44.566089000	459.625747000	0.415059658
action-affordance/tests/002.test.mjs	47.827164000	102.670440000	0.054843276
action-affordance/tests/003.test.mjs	105.421565000	160.952359000	0.055530794
action-affordance/tests/004.test.mjs	163.292084000	214.657321000	0.051365237
action-affordance/tests/005.test.mjs	217.662452000	270.558720000	0.052896268
action-affordance/tests/006.test.mjs	273.335828000	325.025900000	0.051690072
action-affordance/tests/007.test.mjs	328.102004000	500.330103000	0.172228099
action-affordance/tests/008.test.mjs	462.233774000	525.837632000	0.063603858
action-affordance/tests/009.test.mjs	504.007829000	938.067640000	0.434059811
action-affordance/tests/010.test.mjs	528.446559000	581.056905000	0.052610346
action-affordance/tests/011.test.mjs	583.721797000	645.440587000	0.061718790
action-affordance/tests/012.test.mjs	647.816029000	700.007742000	0.052191713
action-affordance/tests/013.test.mjs	704.609979000	764.312724000	0.059702745
action-affordance/tests/014.test.mjs	766.263484000	1193.771455000	0.427507971
action-affordance/tests/015.test.mjs	941.291171000	1369.502398000	0.428211227
attention-regulation/tests/001.test.mjs	1196.061657000	1390.609550000	0.194547893
attention-regulation/tests/002.test.mjs	1371.709441000	3491.072172000	2.119362731
attention-regulation/tests/003.test.mjs	1392.664975000	1591.669409000	0.199004434
attention-regulation/tests/004.test.mjs	1594.255294000	4614.760603000	3.020505309
attention-regulation/tests/005.test.mjs	3493.903465000	5430.248747000	1.936345282
attention-regulation/tests/006.test.mjs	4619.992303000	4715.075071000	0.095082768
behavior-diagnosis/tests/001.test.mjs	4717.258567000	4883.851986000	0.166593419
behavior-diagnosis/tests/002.test.mjs	4887.391841000	4963.815042000	0.076423201
behavior-diagnosis/tests/003.test.mjs	4970.782593000	5159.979962000	0.189197369
behavior-diagnosis/tests/004.test.mjs	5162.493642000	5509.710529000	0.347216887
behavior-diagnosis/tests/005.test.mjs	5435.457165000	5551.011139000	0.115553974
behavior-diagnosis/tests/006.test.mjs	5512.074675000	7766.085472000	2.254010797
behavior-diagnosis/tests/007.test.mjs	5553.023485000	5815.640452000	0.262616967
behavior-diagnosis/tests/008.test.mjs	5818.326590000	6273.068739000	0.454742149
behavior-diagnosis/tests/009.test.mjs	6275.237673000	7647.772592000	1.372534919
behavior-diagnosis/tests/010.test.mjs	7650.311918000	8057.510401000	0.407198483
behavior-diagnosis/tests/011.test.mjs	7768.586409000	7930.286182000	0.161699773
behavior-diagnosis/tests/012.test.mjs	7932.530220000	8260.535020000	0.328004800
behavior-diagnosis/tests/013.test.mjs	8060.333859000	8392.670852000	0.332336993
behavior-diagnosis/tests/014.test.mjs	8262.821816000	8641.531385000	0.378709569
behavior-diagnosis/tests/015.test.mjs	8395.298325000	8564.463078000	0.169164753
behavior-diagnosis/tests/016.test.mjs	8566.810467000	9100.193971000	0.533383504
behavior-diagnosis/tests/017.test.mjs	8643.998508000	16308.565787000	7.664567279
behavior-diagnosis/tests/018.test.mjs	9102.309118000	11458.502777000	2.356193659
behavior-diagnosis/tests/019.test.mjs	11460.778102000	11511.217399000	0.050439297
capability-enforcement/tests/001.test.mjs	11513.405241000	11625.519984000	0.112114743
capability-enforcement/tests/002.test.mjs	11628.156217000	13298.639641000	1.670483424
capability-enforcement/tests/003.test.mjs	13301.000805000	13429.508953000	0.128508148
capability-enforcement/tests/004.test.mjs	13431.838389000	13537.105254000	0.105266865
capability-enforcement/tests/005.test.mjs	13539.625112000	13798.819204000	0.259194092
capability-enforcement/tests/006.test.mjs	13801.103576000	17297.432455000	3.496328879
capability-enforcement/tests/007.test.mjs	16311.057707000	17088.093818000	0.777036111
capability-enforcement/tests/009.test.mjs	17090.429195000	19044.865774000	1.954436579
capability-enforcement/tests/010.test.mjs	17299.988966000	20155.898620000	2.855909654
capability-enforcement/tests/011.test.mjs	19048.568823000	21091.639044000	2.043070221
capability-enforcement/tests/012.test.mjs	20158.502515000	20680.804657000	0.522302142
capability-enforcement/tests/013.test.mjs	20683.372208000	20775.620139000	0.092247931
capability-enforcement/tests/014.test.mjs	20777.886337000	20841.077311000	0.063190974
capability-enforcement/tests/015.test.mjs	20843.693820000	21012.300449000	0.168606629
capability-enforcement/tests/016.test.mjs	21014.808095000	21194.882867000	0.180074772
capability-enforcement/tests/017.test.mjs	21094.629875000	21198.230749000	0.103600874
capability-enforcement/tests/018.test.mjs	21197.072503000	21299.047221000	0.101974718
capability-enforcement/tests/019.test.mjs	21200.131873000	22135.013347000	0.934881474
capability-enforcement/tests/020.test.mjs	21301.672683000	21358.808193000	0.057135510
capability-enforcement/tests/021.test.mjs	21361.757172000	29174.216070000	7.812458898
capability-enforcement/tests/023.test.mjs	22137.488535000	22694.423244000	0.556934709
capability-enforcement/tests/024.test.mjs	22696.858507000	24491.164997000	1.794306490
capability-enforcement/tests/025.test.mjs	24492.839451000	27696.551175000	3.203711724
capability-enforcement/tests/026.test.mjs	27700.028264000	29075.658110000	1.375629846
causal-wait/tests/001.test.mjs	29078.222810000	29192.751878000	0.114529068
causal-wait/tests/002.test.mjs	29176.341957000	29286.174401000	0.109832444
causal-wait/tests/003.test.mjs	29195.092346000	29781.358280000	0.586265934
causal-wait/tests/004.test.mjs	29288.400856000	29406.940047000	0.118539191
causal-wait/tests/005.test.mjs	29408.991996000	29684.906444000	0.275914448
causal-wait/tests/006.test.mjs	29687.608275000	29876.161690000	0.188553415
causal-wait/tests/007.test.mjs	29784.286544000	29955.701534000	0.171414990
causal-wait/tests/008.test.mjs	29878.294420000	30193.572850000	0.315278430
causal-wait/tests/009.test.mjs	29959.023613000	30169.076893000	0.210053280
change-integration/tests/001.test.mjs	30171.888780000	30448.128058000	0.276239278
change-integration/tests/002.test.mjs	30196.454632000	30645.319742000	0.448865110
change-integration/tests/003.test.mjs	30450.433450000	30938.610079000	0.488176629
change-integration/tests/004.test.mjs	30648.486981000	31439.948241000	0.791461260
change-integration/tests/005.test.mjs	30940.360990000	31373.031115000	0.432670125
change-integration/tests/006.test.mjs	31377.060063000	31687.631501000	0.310571438
change-integration/tests/007.test.mjs	31444.018776000	31734.951348000	0.290932572
change-integration/tests/008.test.mjs	31690.050293000	32147.545817000	0.457495524
change-integration/tests/009.test.mjs	31737.459713000	32009.301121000	0.271841408
change-integration/tests/011.test.mjs	32011.765164000	32068.701265000	0.056936101
change-integration/tests/013.test.mjs	32070.955526000	32364.425869000	0.293470343
change-integration/tests/014.test.mjs	32149.899278000	32421.143968000	0.271244690
change-integration/tests/015.test.mjs	32367.126758000	32632.696173000	0.265569415
change-integration/tests/017.test.mjs	32423.777769000	32477.018438000	0.053240669
cognitive-environment/tests/001.test.mjs	32479.422113000	32542.190328000	0.062768215
cognitive-environment/tests/002.test.mjs	32546.029085000	32599.202395000	0.053173310
cognitive-environment/tests/003.test.mjs	32605.044085000	32751.470584000	0.146426499
cognitive-environment/tests/004.test.mjs	32634.855011000	32683.487299000	0.048632288
cognitive-environment/tests/005.test.mjs	32686.210461000	32814.037667000	0.127827206
cognitive-environment/tests/006.test.mjs	32753.703090000	32806.564473000	0.052861383
cognitive-environment/tests/007.test.mjs	32809.388642000	32864.817194000	0.055428552
cognitive-environment/tests/008.test.mjs	32816.047388000	32870.008823000	0.053961435
cognitive-environment/tests/009.test.mjs	32867.330465000	32917.596976000	0.050266511
cognitive-environment/tests/010.test.mjs	32872.259672000	32920.833960000	0.048574288
cognitive-environment/tests/011.test.mjs	32919.954415000	32971.989945000	0.052035530
cognitive-environment/tests/012.test.mjs	32922.824935000	33035.288679000	0.112463744
cognitive-environment/tests/013.test.mjs	32973.663017000	33038.131570000	0.064468553
cognitive-environment/tests/015.test.mjs	33037.493058000	38297.203832000	5.259710774
cognitive-environment/tests/016.test.mjs	33039.975641000	33090.394203000	0.050418562
cognitive-workspace/tests/001.test.mjs	33093.291912000	33145.385962000	0.052094050
cognitive-workspace/tests/002.test.mjs	33150.474588000	33205.411912000	0.054937324
cognitive-workspace/tests/003.test.mjs	33208.381420000	33276.758966000	0.068377546
cognitive-workspace/tests/004.test.mjs	33279.402539000	33332.035646000	0.052633107
cognitive-workspace/tests/005.test.mjs	33334.514681000	33396.309834000	0.061795153
cognitive-workspace/tests/006.test.mjs	33400.700847000	33451.066553000	0.050365706
cognitive-workspace/tests/007.test.mjs	33453.434131000	33524.007104000	0.070572973
cognitive-workspace/tests/008.test.mjs	33526.959674000	33592.379254000	0.065419580
cognitive-workspace/tests/009.test.mjs	33594.630585000	33657.868981000	0.063238396
cognitive-workspace/tests/010.test.mjs	33666.032415000	33721.104028000	0.055071613
concern-routing/tests/001.test.mjs	33723.698158000	33820.902201000	0.097204043
concern-routing/tests/002.test.mjs	33823.281301000	38675.322351000	4.852041050
concern-routing/tests/003.test.mjs	38299.508833000	40146.383057000	1.846874224
concern-routing/tests/004.test.mjs	38677.592547000	40966.060895000	2.288468348
concern-routing/tests/005.test.mjs	40158.050480000	42163.160037000	2.005109557
concern-routing/tests/006.test.mjs	40969.862615000	43825.170392000	2.855307777
concern-routing/tests/007.test.mjs	42164.455990000	42224.228188000	0.059772198
context-compression/tests/001.test.mjs	42226.652752000	42276.517397000	0.049864645
context-compression/tests/002.test.mjs	42278.824181000	42776.181132000	0.497356951
context-compression/tests/003.test.mjs	42778.765227000	43463.153530000	0.684388303
context-compression/tests/004.test.mjs	43465.492163000	43616.562872000	0.151070709
context-compression/tests/005.test.mjs	43619.065627000	44022.552376000	0.403486749
context-compression/tests/006.test.mjs	43827.764579000	44233.337008000	0.405572429
context-compression/tests/007.test.mjs	44025.182554000	44422.656919000	0.397474365
context-compression/tests/008.test.mjs	44235.709175000	44661.716817000	0.426007642
context-compression/tests/009.test.mjs	44425.062683000	44851.792372000	0.426729689
context-compression/tests/010.test.mjs	44664.222072000	44832.324191000	0.168102119
context-compression/tests/011.test.mjs	44834.339201000	45176.276622000	0.341937421
context-compression/tests/012.test.mjs	44854.493718000	45149.962942000	0.295469224
context-compression/tests/013.test.mjs	45152.713094000	45298.865281000	0.146152187
context-compression/tests/014.test.mjs	45178.691012000	45353.892534000	0.175201522
context-compression/tests/015.test.mjs	45301.358438000	45424.295201000	0.122936763
context-compression/tests/016.test.mjs	45356.636584000	45687.091185000	0.330454601
context-compression/tests/017.test.mjs	45426.586767000	45700.878746000	0.274291979
context-compression/tests/018.test.mjs	45689.349058000	48080.526458000	2.391177400
context-compression/tests/019.test.mjs	45703.288382000	46497.377714000	0.794089332
context-compression/tests/020.test.mjs	46499.683893000	46737.316442000	0.237632549
context-compression/tests/021.test.mjs	46740.054442000	47137.870459000	0.397816017
context-compression/tests/022.test.mjs	47140.205485000	47581.173469000	0.440967984
context-compression/tests/023.test.mjs	47583.809232000	47727.629883000	0.143820651
context-compression/tests/024.test.mjs	47729.895119000	67332.350820000	19.602455701
context-compression/tests/025.test.mjs	48085.371058000	48494.025485000	0.408654427
context-compression/tests/026.test.mjs	48496.416001000	49247.301674000	0.750885673
context-compression/tests/027.test.mjs	49249.602858000	49817.152608000	0.567549750
context-compression/tests/028.test.mjs	49819.662436000	49942.327252000	0.122664816
context-compression/tests/029.test.mjs	49945.691939000	50225.092535000	0.279400596
context-compression/tests/030.test.mjs	50227.450661000	50471.864642000	0.244413981
crash-reconciliation/tests/001.test.mjs	50474.460270000	50589.216397000	0.114756127
crash-reconciliation/tests/002.test.mjs	50591.675620000	50710.823922000	0.119148302
crash-reconciliation/tests/003.test.mjs	50713.665291000	50862.884591000	0.149219300
crash-reconciliation/tests/004.test.mjs	50864.715332000	50918.120362000	0.053405030
crash-reconciliation/tests/005.test.mjs	50920.384877000	51041.721924000	0.121337047
crash-reconciliation/tests/006.test.mjs	51043.989641000	51149.198512000	0.105208871
crash-reconciliation/tests/007.test.mjs	51151.990711000	51297.682910000	0.145692199
crash-reconciliation/tests/008.test.mjs	51300.332825000	51400.361410000	0.100028585
crash-reconciliation/tests/009.test.mjs	51402.881478000	51723.064012000	0.320182534
crash-reconciliation/tests/010.test.mjs	51725.189959000	51851.683748000	0.126493789
crash-reconciliation/tests/011.test.mjs	51854.229269000	51956.622536000	0.102393267
crash-reconciliation/tests/012.test.mjs	51959.248993000	52073.963035000	0.114714042
crash-reconciliation/tests/013.test.mjs	52076.501153000	52171.991193000	0.095490040
crash-reconciliation/tests/014.test.mjs	52174.700663000	52276.157959000	0.101457296
crash-reconciliation/tests/015.test.mjs	52278.873336000	53122.610342000	0.843737006
crash-reconciliation/tests/016.test.mjs	53125.170195000	53268.963064000	0.143792869
crash-reconciliation/tests/017.test.mjs	53271.175072000	53321.436299000	0.050261227
crash-reconciliation/tests/018.test.mjs	53324.192602000	55594.272026000	2.270079424
crash-reconciliation/tests/019.test.mjs	55598.996191000	55661.466562000	0.062470371
crash-reconciliation/tests/020.test.mjs	55663.716721000	56080.824519000	0.417107798
crash-reconciliation/tests/021.test.mjs	56083.520546000	56424.053629000	0.340533083
degeneration-guard/tests/001.test.mjs	56426.636429000	56742.929923000	0.316293494
degeneration-guard/tests/002.test.mjs	56744.963373000	57029.505842000	0.284542469
degeneration-guard/tests/003.test.mjs	57032.099261000	57340.154963000	0.308055702
degeneration-guard/tests/004.test.mjs	57342.337005000	58131.259305000	0.788922300
degeneration-guard/tests/005.test.mjs	58132.172571000	58430.131148000	0.297958577
degeneration-guard/tests/006.test.mjs	58432.699521000	58770.098614000	0.337399093
degeneration-guard/tests/007.test.mjs	58772.571737000	59109.512259000	0.336940522
degeneration-guard/tests/008.test.mjs	59112.340550000	59452.028207000	0.339687657
degeneration-guard/tests/009.test.mjs	59454.322288000	59838.564191000	0.384241903
degeneration-guard/tests/010.test.mjs	59840.694375000	60142.524897000	0.301830522
degeneration-guard/tests/011.test.mjs	60145.058946000	60275.093898000	0.130034952
degeneration-guard/tests/012.test.mjs	60277.655176000	60331.481106000	0.053825930
degeneration-guard/tests/013.test.mjs	60333.985083000	60637.749601000	0.303764518
delegation/tests/001.test.mjs	60639.979352000	60699.457779000	0.059478427
delegation/tests/002.test.mjs	60701.661641000	60808.394155000	0.106732514
delegation/tests/003.test.mjs	60811.057952000	63421.901907000	2.610843955
delegation/tests/004.test.mjs	63424.301475000	63476.012393000	0.051710918
delegation/tests/005.test.mjs	63478.253785000	63797.307727000	0.319053942
delegation/tests/006.test.mjs	63800.627171000	64691.851688000	0.891224517
delegation/tests/007.test.mjs	64694.281402000	65463.031529000	0.768750127
delegation/tests/008.test.mjs	65465.318286000	66295.628628000	0.830310342
delegation/tests/009.test.mjs	66298.112201000	67169.383736000	0.871271535
delegation/tests/010.test.mjs	67171.729523000	68129.785979000	0.958056456
delegation/tests/011.test.mjs	67335.214257000	68180.832134000	0.845617877
delegation/tests/012.test.mjs	68134.011774000	68944.425291000	0.810413517
delegation/tests/013.test.mjs	68185.033798000	68568.382678000	0.383348880
delegation/tests/014.test.mjs	68571.006825000	69049.531481000	0.478524656
delegation/tests/015.test.mjs	68947.114725000	69466.931278000	0.519816553
delegation/tests/017.test.mjs	69051.841031000	69108.538550000	0.056697519
delegation/tests/019.test.mjs	69110.781190000	69272.225373000	0.161444183
delegation/tests/020.test.mjs	69275.014517000	69339.459581000	0.064445064
delegation/tests/021.test.mjs	69343.012616000	69495.472815000	0.152460199
delegation/tests/022.test.mjs	69469.560264000	69580.769137000	0.111208873
delegation/tests/023.test.mjs	69497.745636000	70448.327893000	0.950582257
delegation/tests/024.test.mjs	69583.241650000	71246.367481000	1.663125831
delegation/tests/025.test.mjs	70451.171149000	72232.593855000	1.781422706
delegation/tests/026.test.mjs	71248.688355000	74222.194592000	2.973506237
delegation/tests/027.test.mjs	72234.799551000	73334.310102000	1.099510551
delegation/tests/028.test.mjs	73336.690043000	73623.619521000	0.286929478
delegation/tests/029.test.mjs	73625.678374000	73800.948004000	0.175269630
delegation/tests/030.test.mjs	73803.066667000	73853.769385000	0.050702718
delegation/tests/031.test.mjs	73855.890272000	75403.342613000	1.547452341
delegation/tests/032.test.mjs	74224.604013000	75185.232420000	0.960628407
dispatch-protocol/tests/001.test.mjs	75187.283096000	75746.154483000	0.558871387
dispatch-protocol/tests/002.test.mjs	75405.701113000	76177.731188000	0.772030075
dispatch-protocol/tests/003.test.mjs	75748.390520000	76735.958164000	0.987567644
dispatch-protocol/tests/004.test.mjs	76181.000919000	77049.106680000	0.868105761
dispatch-protocol/tests/005.test.mjs	76739.410485000	77077.425214000	0.338014729
dispatch-protocol/tests/006.test.mjs	77050.240606000	77379.275935000	0.329035329
dispatch-protocol/tests/007.test.mjs	77079.977276000	78739.881916000	1.659904640
dispatch-protocol/tests/008.test.mjs	77381.635418000	78032.619315000	0.650983897
dispatch-protocol/tests/009.test.mjs	78034.959101000	79816.518835000	1.781559734
dispatch-protocol/tests/010.test.mjs	78742.612836000	79968.121825000	1.225508989
dispatch-protocol/tests/011.test.mjs	79818.858345000	80431.841311000	0.612982966
dispatch-protocol/tests/012.test.mjs	79970.581745000	80677.185795000	0.706604050
dispatch-protocol/tests/013.test.mjs	80434.394975000	81030.758260000	0.596363285
dispatch-protocol/tests/014.test.mjs	80679.454649000	80733.057306000	0.053602657
dispatch-protocol/tests/015.test.mjs	80735.989067000	83107.757218000	2.371768151
distribution/tests/001.test.mjs	81033.573172000	81261.116676000	0.227543504
distribution/tests/002.test.mjs	81266.438175000	82238.656890000	0.972218715
distribution/tests/003.test.mjs	82241.126076000	83372.018043000	1.130891967
distribution/tests/004.test.mjs	83110.370223000	83181.239244000	0.070869021
distribution/tests/005.test.mjs	83183.847892000	84984.803707000	1.800955815
distribution/tests/006.test.mjs	83374.231393000	83543.159276000	0.168927883
distribution/tests/007.test.mjs	83545.347474000	87210.152219000	3.664804745
distribution/tests/008.test.mjs	84987.315420000	85072.856913000	0.085541493
distribution/tests/009.test.mjs	85075.075623000	85180.843197000	0.105767574
distribution/tests/010.test.mjs	85183.282720000	85366.036464000	0.182753744
durable-convergence/tests/001.test.mjs	85368.544169000	85640.552427000	0.272008258
durable-convergence/tests/002.test.mjs	85643.023087000	86491.541740000	0.848518653
durable-convergence/tests/003.test.mjs	86493.812728000	87025.660621000	0.531847893
durable-convergence/tests/004.test.mjs	87028.156628000	87336.264927000	0.308108299
durable-convergence/tests/005.test.mjs	87212.881632000	87539.071007000	0.326189375
durable-convergence/tests/006.test.mjs	87338.899256000	87632.388796000	0.293489540
durable-convergence/tests/007.test.mjs	87541.633112000	87941.151540000	0.399518428
durable-convergence/tests/008.test.mjs	87634.611395000	88118.562871000	0.483951476
durable-convergence/tests/009.test.mjs	87943.608655000	88310.410571000	0.366801916
durable-convergence/tests/010.test.mjs	88121.179460000	88635.204217000	0.514024757
durable-convergence/tests/011.test.mjs	88312.714149000	89063.340016000	0.750625867
durable-events/tests/001.test.mjs	88637.700664000	89027.691816000	0.389991152
durable-events/tests/002.test.mjs	89030.293170000	91359.636698000	2.329343528
durable-events/tests/003.test.mjs	89065.864837000	89468.439626000	0.402574789
durable-events/tests/004.test.mjs	89472.365892000	90074.321084000	0.601955192
durable-events/tests/005.test.mjs	90076.559972000	90560.220438000	0.483660466
durable-events/tests/006.test.mjs	90562.697531000	90964.141163000	0.401443632
durable-events/tests/007.test.mjs	90966.812294000	91312.201919000	0.345389625
durable-events/tests/008.test.mjs	91314.680428000	91651.628540000	0.336948112
durable-events/tests/009.test.mjs	91362.342627000	93858.830555000	2.496487928
durable-events/tests/010.test.mjs	91654.338203000	92102.958757000	0.448620554
durable-events/tests/011.test.mjs	92105.526759000	92474.271331000	0.368744572
durable-events/tests/012.test.mjs	92476.750411000	93033.252928000	0.556502517
durable-events/tests/013.test.mjs	93035.718018000	93709.465700000	0.673747682
durable-events/tests/014.test.mjs	93711.861110000	94255.752961000	0.543891851
durable-events/tests/015.test.mjs	93861.977021000	94214.628455000	0.352651434
durable-events/tests/016.test.mjs	94216.985173000	96476.531047000	2.259545874
durable-events/tests/017.test.mjs	94258.255961000	94610.146511000	0.351890550
durable-events/tests/018.test.mjs	94612.997781000	95126.844781000	0.513847000
durable-events/tests/019.test.mjs	95129.079471000	97554.633408000	2.425553937
durable-events/tests/020.test.mjs	96479.620071000	96867.974559000	0.388354488
durable-events/tests/021.test.mjs	96870.608874000	97200.520347000	0.329911473
durable-events/tests/022.test.mjs	97202.952818000	97484.682883000	0.281730065
durable-events/tests/023.test.mjs	97486.973830000	98336.311041000	0.849337211
durable-events/tests/024.test.mjs	97557.208644000	97616.039746000	0.058831102
durable-events/tests/025.test.mjs	97618.600667000	98080.114735000	0.461514068
effect-accounting/tests/001.test.mjs	98085.072721000	98367.814982000	0.282742261
effect-accounting/tests/002.test.mjs	98345.059644000	98626.378501000	0.281318857
effect-accounting/tests/003.test.mjs	98370.221979000	99062.703071000	0.692481092
effect-accounting/tests/004.test.mjs	98629.777318000	98945.107083000	0.315329765
effect-accounting/tests/005.test.mjs	98952.040778000	99494.247500000	0.542206722
effect-accounting/tests/006.test.mjs	99064.990647000	99601.880908000	0.536890261
effect-accounting/tests/007.test.mjs	99500.092843000	99861.231098000	0.361138255
effect-accounting/tests/008.test.mjs	99606.022540000	100778.007445000	1.171984905
effect-accounting/tests/010.test.mjs	99864.003268000	100008.815359000	0.144812091
effect-accounting/tests/012.test.mjs	100011.649710000	100295.189725000	0.283540015
execution-failure-policy/tests/001.test.mjs	100297.832054000	100409.286024000	0.111453970
execution-failure-policy/tests/002.test.mjs	100411.698498000	101358.956918000	0.947258420
execution-failure-policy/tests/003.test.mjs	100781.339385000	101677.751312000	0.896411927
execution-failure-policy/tests/004.test.mjs	101361.735492000	101504.450882000	0.142715390
execution-failure-policy/tests/005.test.mjs	101506.844714000	101607.282637000	0.100437923
execution-failure-policy/tests/006.test.mjs	101609.484404000	102526.235100000	0.916750696
execution-failure-policy/tests/007.test.mjs	101680.396734000	101983.586580000	0.303189846
execution-failure-policy/tests/008.test.mjs	101986.395216000	102281.243714000	0.294848498
execution-failure-policy/tests/009.test.mjs	102283.878560000	102385.191164000	0.101312604
execution-failure-policy/tests/010.test.mjs	102388.040336000	103365.205172000	0.977164836
execution-failure-policy/tests/011.test.mjs	102533.004361000	103379.992298000	0.846987937
execution-failure-policy/tests/012.test.mjs	103367.590673000	103705.427359000	0.337836686
execution-failure-policy/tests/013.test.mjs	103381.856977000	103480.367779000	0.098510802
execution-failure-policy/tests/014.test.mjs	103483.099357000	103573.150481000	0.090051124
execution-model-routing/tests/001.test.mjs	103577.014992000	103733.119646000	0.156104654
execution-model-routing/tests/002.test.mjs	103708.084573000	103917.384520000	0.209299947
execution-model-routing/tests/003.test.mjs	103735.755213000	107852.256500000	4.116501287
execution-model-routing/tests/004.test.mjs	103920.072946000	104127.441310000	0.207368364
execution-model-routing/tests/005.test.mjs	104130.293247000	104283.116738000	0.152823491
execution-model-routing/tests/006.test.mjs	104285.411991000	104462.750566000	0.177338575
execution-model-routing/tests/007.test.mjs	104465.324108000	104621.887834000	0.156563726
execution-model-routing/tests/008.test.mjs	104624.336743000	106377.762336000	1.753425593
execution-model-routing/tests/009.test.mjs	106382.211144000	108609.441156000	2.227230012
execution-model-routing/tests/010.test.mjs	107854.402465000	109096.536905000	1.242134440
execution-model-routing/tests/011.test.mjs	108614.437284000	108680.985626000	0.066548342
execution-model-routing/tests/012.test.mjs	108683.728268000	108891.419771000	0.207691503
execution-model-routing/tests/013.test.mjs	108894.089278000	109056.421601000	0.162332323
execution-model-routing/tests/014.test.mjs	109061.013816000	114702.497176000	5.641483360
execution-model-routing/tests/015.test.mjs	109099.293429000	109255.335270000	0.156041841
execution-model-routing/tests/016.test.mjs	109259.573789000	109329.142605000	0.069568816
execution-model-routing/tests/017.test.mjs	109330.368313000	109545.900687000	0.215532374
execution-model-routing/tests/018.test.mjs	109548.552000000	109708.034390000	0.159482390
execution-model-routing/tests/019.test.mjs	109710.686399000	109869.707904000	0.159021505
execution-model-routing/tests/020.test.mjs	109872.644570000	110048.309644000	0.175665074
feature-ablation/tests/001.test.mjs	110050.714816000	111023.587749000	0.972872933
feature-ablation/tests/002.test.mjs	111027.472258000	111485.272367000	0.457800109
feature-ablation/tests/003.test.mjs	111488.176357000	112170.357611000	0.682181254
feature-ablation/tests/004.test.mjs	112172.993239000	112995.465718000	0.822472479
guidance-delivery/tests/001.test.mjs	112998.075660000	113562.199924000	0.564124264
guidance-delivery/tests/002.test.mjs	113564.837820000	114154.837486000	0.589999666
guidance-delivery/tests/003.test.mjs	114157.574277000	114693.961919000	0.536387642
guidance-delivery/tests/004.test.mjs	114696.439171000	115429.182968000	0.732743797
guidance-delivery/tests/005.test.mjs	114705.216420000	115383.076123000	0.677859703
guidance-delivery/tests/006.test.mjs	115386.008503000	116073.424233000	0.687415730
guidance-delivery/tests/007.test.mjs	115432.040307000	116091.678322000	0.659638015
guidance-delivery/tests/008.test.mjs	116076.278639000	116756.331640000	0.680053001
guidance-delivery/tests/009.test.mjs	116094.265535000	116451.364882000	0.357099347
guidance-delivery/tests/011.test.mjs	116454.864382000	117008.178273000	0.553313891
guidance-delivery/tests/012.test.mjs	116758.723824000	116868.729153000	0.110005329
host-boundary/tests/001.test.mjs	116872.391086000	117075.661134000	0.203270048
host-boundary/tests/002.test.mjs	117010.802561000	117147.322677000	0.136520116
host-boundary/tests/003.test.mjs	117078.508848000	118919.243911000	1.840735063
host-boundary/tests/004.test.mjs	117149.818229000	117293.167346000	0.143349117
host-boundary/tests/005.test.mjs	117295.429367000	117517.471755000	0.222042388
host-boundary/tests/006.test.mjs	117520.274816000	117877.854821000	0.357580005
host-boundary/tests/007.test.mjs	117881.008225000	117984.764142000	0.103755917
host-boundary/tests/008.test.mjs	117987.346060000	118296.134700000	0.308788640
host-boundary/tests/009.test.mjs	118298.546139000	118431.796714000	0.133250575
host-boundary/tests/010.test.mjs	118434.374168000	118528.988463000	0.094614295
host-boundary/tests/011.test.mjs	118529.794497000	118726.741891000	0.196947394
host-boundary/tests/012.test.mjs	118729.462083000	118826.714519000	0.097252436
host-boundary/tests/013.test.mjs	118830.077544000	120745.393648000	1.915316104
host-boundary/tests/014.test.mjs	118922.651540000	119819.350007000	0.896698467
host-boundary/tests/015.test.mjs	119821.776615000	119990.427998000	0.168651383
host-boundary/tests/016.test.mjs	119993.063075000	120157.846923000	0.164783848
host-boundary/tests/017.test.mjs	120160.155190000	120328.421604000	0.168266414
host-boundary/tests/018.test.mjs	120333.007922000	120394.287467000	0.061279545
host-boundary/tests/019.test.mjs	120397.183020000	121361.742785000	0.964559765
host-boundary/tests/020.test.mjs	120750.469340000	121033.762577000	0.283293237
host-boundary/tests/021.test.mjs	121036.566305000	121285.753750000	0.249187445
host-boundary/tests/022.test.mjs	121288.427829000	122172.263815000	0.883835986
host-boundary/tests/023.test.mjs	121363.971474000	125937.794973000	4.573823499
host-boundary/tests/024.test.mjs	122174.754586000	122297.559425000	0.122804839
host-boundary/tests/025.test.mjs	122300.488624000	122508.745879000	0.208257255
host-boundary/tests/026.test.mjs	122511.071637000	122858.699130000	0.347627493
host-boundary/tests/027.test.mjs	122861.605643000	123066.491492000	0.204885849
host-boundary/tests/028.test.mjs	123069.461809000	123357.117074000	0.287655265
host-boundary/tests/029.test.mjs	123357.864428000	124320.881182000	0.963016754
host-boundary/tests/030.test.mjs	124324.049774000	124589.424000000	0.265374226
host-boundary/tests/031.test.mjs	124592.409333000	124839.724738000	0.247315405
host-boundary/tests/032.test.mjs	124843.086089000	140561.935412000	15.718849323
host-boundary/tests/033.test.mjs	125940.582494000	128845.260189000	2.904677695
host-provider-failure-ownership/tests/001.test.mjs	128848.389522000	131299.790879000	2.451401357
host-provider-failure-ownership/tests/002.test.mjs	131301.529764000	131362.142994000	0.060613230
host-provider-failure-ownership/tests/003.test.mjs	131364.503464000	131465.466956000	0.100963492
host-provider-failure-ownership/tests/004.test.mjs	131468.330431000	133291.000668000	1.822670237
host-provider-failure-ownership/tests/005.test.mjs	133296.178532000	133437.028751000	0.140850219
host-provider-failure-ownership/tests/006.test.mjs	133439.406930000	133540.608550000	0.101201620
host-provider-failure-ownership/tests/007.test.mjs	133543.357557000	133597.974368000	0.054616811
institutional-learning/tests/001.test.mjs	133600.510162000	135529.053553000	1.928543391
institutional-learning/tests/002.test.mjs	135534.489646000	135673.407367000	0.138917721
institutional-learning/tests/003.test.mjs	135675.843123000	137620.321507000	1.944478384
institutional-learning/tests/004.test.mjs	137623.128091000	139605.629444000	1.982501353
institutional-learning/tests/005.test.mjs	139608.631785000	139728.936567000	0.120304782
institutional-learning/tests/006.test.mjs	139731.308446000	141965.662306000	2.234353860
institutional-learning/tests/007.test.mjs	140564.279625000	142540.709922000	1.976430297
institutional-learning/tests/008.test.mjs	141969.659436000	144339.598139000	2.369938703
interaction-authority/tests/001.test.mjs	142543.980583000	143060.158134000	0.516177551
interaction-authority/tests/002.test.mjs	143062.398563000	143669.700357000	0.607301794
interaction-authority/tests/003.test.mjs	143675.517503000	144396.694820000	0.721177317
interaction-authority/tests/004.test.mjs	144343.631622000	144683.968304000	0.340336682
interaction-authority/tests/005.test.mjs	144402.009558000	145067.391625000	0.665382067
interaction-authority/tests/006.test.mjs	144687.006249000	145070.521135000	0.383514886
interaction-authority/tests/007.test.mjs	145069.433335000	145189.322418000	0.119889083
interaction-authority/tests/008.test.mjs	145072.615965000	145240.058436000	0.167442471
interaction-authority/tests/009.test.mjs	145192.162774000	145318.708179000	0.126545405
interaction-authority/tests/010.test.mjs	145242.658017000	145351.074237000	0.108416220
interaction-authority/tests/011.test.mjs	145321.453262000	148538.192254000	3.216738992
interaction-authority/tests/012.test.mjs	145353.608732000	145453.194507000	0.099585775
interaction-authority/tests/013.test.mjs	145456.356553000	145779.321742000	0.322965189
interaction-authority/tests/014.test.mjs	145783.003372000	145885.778943000	0.102775571
interaction-authority/tests/015.test.mjs	145888.607612000	146375.258883000	0.486651271
interaction-authority/tests/016.test.mjs	146379.128543000	146502.145019000	0.123016476
interaction-authority/tests/017.test.mjs	146504.436054000	147157.519682000	0.653083628
interaction-authority/tests/018.test.mjs	147160.611612000	147323.717267000	0.163105655
interaction-authority/tests/019.test.mjs	147326.989899000	147857.116463000	0.530126564
interaction-authority/tests/020.test.mjs	147860.017536000	147916.460913000	0.056443377
interaction-authority/tests/021.test.mjs	147920.149215000	148392.223724000	0.472074509
interaction-authority/tests/022.test.mjs	148394.801901000	148547.370420000	0.152568519
interaction-authority/tests/023.test.mjs	148541.419275000	148647.481759000	0.106062484
intra-participant-parallelism/tests/001.test.mjs	148549.992883000	148598.652906000	0.048660023
intra-participant-parallelism/tests/002.test.mjs	148601.032781000	148713.434375000	0.112401594
intra-participant-parallelism/tests/003.test.mjs	148649.855378000	148769.726720000	0.119871342
intra-participant-parallelism/tests/004.test.mjs	148716.420748000	148847.201501000	0.130780753
intra-participant-parallelism/tests/005.test.mjs	148772.144306000	148903.213814000	0.131069508
intra-participant-parallelism/tests/006.test.mjs	148850.232377000	148967.279284000	0.117046907
intra-participant-parallelism/tests/007.test.mjs	148906.129190000	149019.220615000	0.113091425
intra-participant-parallelism/tests/008.test.mjs	148970.094377000	149077.576295000	0.107481918
intra-participant-parallelism/tests/009.test.mjs	149021.768219000	149393.635249000	0.371867030
intra-participant-parallelism/tests/010.test.mjs	149080.168642000	149134.075746000	0.053907104
intra-participant-parallelism/tests/011.test.mjs	149135.271387000	149274.750277000	0.139478890
intra-participant-parallelism/tests/012.test.mjs	149277.644163000	149800.119805000	0.522475642
intra-participant-parallelism/tests/013.test.mjs	149403.023338000	151850.167427000	2.447144089
intra-participant-parallelism/tests/014.test.mjs	149802.604381000	149918.156513000	0.115552132
intra-participant-parallelism/tests/015.test.mjs	149922.015053000	150061.688581000	0.139673528
intra-participant-parallelism/tests/017.test.mjs	150064.737540000	152392.124606000	2.327387066
js-semantic-surface/tests/001.test.mjs	151853.078720000	152000.901164000	0.147822444
js-semantic-surface/tests/002.test.mjs	152003.705972000	154471.453514000	2.467747542
js-semantic-surface/tests/003.test.mjs	152395.154811000	154569.056275000	2.173901464
js-semantic-surface/tests/004.test.mjs	154474.008151000	154559.367559000	0.085359408
js-semantic-surface/tests/005.test.mjs	154562.310056000	154620.938132000	0.058628076
js-semantic-surface/tests/006.test.mjs	154571.405869000	159172.207559000	4.600801690
knowledge-reuse/tests/001.test.mjs	154623.178744000	155063.745065000	0.440566321
knowledge-reuse/tests/002.test.mjs	155066.360947000	155496.649811000	0.430288864
knowledge-reuse/tests/003.test.mjs	155499.047816000	155651.343340000	0.152295524
knowledge-reuse/tests/004.test.mjs	155653.856971000	156086.022447000	0.432165476
knowledge-reuse/tests/005.test.mjs	156093.615890000	157042.349059000	0.948733169
knowledge-reuse/tests/006.test.mjs	157044.777119000	157580.787484000	0.536010365
knowledge-reuse/tests/007.test.mjs	157583.338811000	157940.342998000	0.357004187
knowledge-reuse/tests/008.test.mjs	157942.805783000	158311.014613000	0.368208830
knowledge-reuse/tests/009.test.mjs	158313.899973000	158665.763837000	0.351863864
knowledge-reuse/tests/010.test.mjs	158668.568701000	160020.738877000	1.352170176
knowledge-reuse/tests/011.test.mjs	159175.135456000	159646.177116000	0.471041660
knowledge-reuse/tests/012.test.mjs	159648.968185000	160013.185402000	0.364217217
knowledge-reuse/tests/013.test.mjs	160015.403541000	160066.868332000	0.051464791
knowledge-reuse/tests/014.test.mjs	160023.080126000	160152.378571000	0.129298445
knowledge-reuse/tests/015.test.mjs	160068.987958000	160557.681461000	0.488693503
knowledge-reuse/tests/016.test.mjs	160154.554165000	160694.307145000	0.539752980
managed-chat-execution/tests/001.test.mjs	160560.021192000	160905.609766000	0.345588574
managed-chat-execution/tests/002.test.mjs	160697.244219000	161077.380186000	0.380135967
managed-chat-execution/tests/003.test.mjs	160908.054979000	163621.270772000	2.713215793
managed-chat-execution/tests/004.test.mjs	161079.885992000	161560.671285000	0.480785293
managed-chat-execution/tests/005.test.mjs	161563.610529000	164552.223337000	2.988612808
managed-chat-execution/tests/006.test.mjs	163624.215047000	165743.086310000	2.118871263
managed-chat-execution/tests/007.test.mjs	164555.237742000	164938.941114000	0.383703372
managed-chat-execution/tests/008.test.mjs	164941.562436000	164993.256814000	0.051694378
managed-chat-execution/tests/009.test.mjs	164996.227708000	165185.264837000	0.189037129
managed-chat-execution/tests/010.test.mjs	165187.666077000	167899.119827000	2.711453750
managed-chat-execution/tests/011.test.mjs	165751.055261000	166376.148214000	0.625092953
managed-chat-execution/tests/012.test.mjs	166378.690789000	167117.160641000	0.738469852
managed-chat-execution/tests/013.test.mjs	167119.806304000	167766.169587000	0.646363283
managed-chat-execution/tests/014.test.mjs	167771.008222000	168155.843711000	0.384835489
managed-session-lifecycle/tests/001.test.mjs	167899.202742000	168027.369133000	0.128166391
managed-session-lifecycle/tests/002.test.mjs	168029.897320000	168141.208728000	0.111311408
managed-session-lifecycle/tests/003.test.mjs	168150.156398000	168248.933415000	0.098777017
managed-session-lifecycle/tests/004.test.mjs	168157.109103000	169217.260054000	1.060150951
managed-session-lifecycle/tests/005.test.mjs	168251.943633000	168388.478860000	0.136535227
managed-session-lifecycle/tests/006.test.mjs	168391.952151000	169473.750663000	1.081798512
managed-session-lifecycle/tests/007.test.mjs	169219.686441000	170685.005477000	1.465319036
managed-session-lifecycle/tests/008.test.mjs	169476.347959000	171170.241580000	1.693893621
managed-session-lifecycle/tests/009.test.mjs	170690.283896000	171717.110524000	1.026826628
managed-session-lifecycle/tests/010.test.mjs	171173.575335000	171306.065714000	0.132490379
managed-session-lifecycle/tests/011.test.mjs	171308.891127000	171439.247573000	0.130356446
managed-session-lifecycle/tests/012.test.mjs	171441.895519000	171848.371417000	0.406475898
managed-session-lifecycle/tests/013.test.mjs	171719.857125000	172781.532150000	1.061675025
managed-session-lifecycle/tests/014.test.mjs	171850.727664000	172765.971419000	0.915243755
managed-session-lifecycle/tests/015.test.mjs	172768.945849000	174012.719640000	1.243773791
managed-session-lifecycle/tests/016.test.mjs	172784.190120000	172952.719073000	0.168528953
managed-session-lifecycle/tests/017.test.mjs	172955.787449000	173119.510030000	0.163722581
managed-session-lifecycle/tests/018.test.mjs	173123.003803000	175936.025376000	2.813021573
managed-session-lifecycle/tests/019.test.mjs	174018.803172000	176704.139649000	2.685336477
managed-session-lifecycle/tests/020.test.mjs	175936.272944000	178543.343133000	2.607070189
managed-session-lifecycle/tests/021.test.mjs	176706.799958000	176759.436877000	0.052636919
managed-session-lifecycle/tests/022.test.mjs	176762.366303000	177205.072875000	0.442706572
managed-session-lifecycle/tests/023.test.mjs	177207.960543000	177299.197295000	0.091236752
managed-session-lifecycle/tests/024.test.mjs	177301.877626000	177452.052680000	0.150175054
managed-session-lifecycle/tests/025.test.mjs	177454.045479000	178548.009154000	1.093963675
obligation-ledger/tests/001.test.mjs	178546.081677000	178976.511292000	0.430429615
obligation-ledger/tests/002.test.mjs	178550.379453000	178973.219534000	0.422840081
obligation-ledger/tests/003.test.mjs	178975.546663000	179025.699430000	0.050152767
obligation-ledger/tests/004.test.mjs	178978.639263000	179432.611849000	0.453972586
obligation-ledger/tests/005.test.mjs	179028.271590000	179460.901559000	0.432629969
obligation-ledger/tests/006.test.mjs	179435.549998000	179487.843440000	0.052293442
obligation-ledger/tests/007.test.mjs	179463.249761000	179516.938943000	0.053689182
office-capability/tests/001.test.mjs	179490.347839000	179540.493982000	0.050146143
office-capability/tests/003.test.mjs	179519.350137000	179608.651387000	0.089301250
office-capability/tests/004.test.mjs	179543.218145000	179593.167289000	0.049949144
office-capability/tests/005.test.mjs	179595.402058000	179644.697109000	0.049295051
office-capability/tests/006.test.mjs	179610.893881000	179670.809132000	0.059915251
office-capability/tests/007.test.mjs	179647.510830000	179796.408215000	0.148897385
office-capability/tests/011.test.mjs	179672.968872000	179722.792849000	0.049823977
office-capability/tests/012.test.mjs	179725.144097000	179813.944148000	0.088800051
office-capability/tests/015.test.mjs	179799.279959000	179888.754988000	0.089475029
office-capability/tests/016.test.mjs	179816.302408000	179900.421508000	0.084119100
office-capability/tests/017.test.mjs	179891.835309000	179981.184779000	0.089349470
office-capability/tests/018.test.mjs	179902.830744000	179989.417482000	0.086586738
participant-horizon/tests/001.test.mjs	179983.965508000	180035.327993000	0.051362485
participant-horizon/tests/002.test.mjs	179994.539940000	180067.020357000	0.072480417
participant-horizon/tests/003.test.mjs	180040.023351000	180368.264818000	0.328241467
participant-horizon/tests/004.test.mjs	180069.684048000	180118.447859000	0.048763811
participant-horizon/tests/005.test.mjs	180121.221805000	180447.083081000	0.325861276
participant-horizon/tests/006.test.mjs	180370.889701000	180425.412653000	0.054522952
participant-horizon/tests/007.test.mjs	180427.658965000	180476.870901000	0.049211936
participant-horizon/tests/008.test.mjs	180449.882594000	180501.422705000	0.051540111
participant-horizon/tests/009.test.mjs	180479.324889000	181280.575141000	0.801250252
participant-horizon/tests/010.test.mjs	180504.116968000	181291.930281000	0.787813313
participant-horizon/tests/011.test.mjs	181283.318350000	182067.143765000	0.783825415
participant-horizon/tests/012.test.mjs	181294.271380000	181422.551960000	0.128280580
participant-horizon/tests/013.test.mjs	181426.500338000	181641.561186000	0.215060848
participant-horizon/tests/014.test.mjs	181644.347305000	181694.212712000	0.049865407
participant-horizon/tests/015.test.mjs	181697.230116000	181798.720752000	0.101490636
participant-identity/tests/001.test.mjs	181801.718226000	182000.530247000	0.198812021
participant-identity/tests/002.test.mjs	182003.115997000	182667.195938000	0.664079941
participant-identity/tests/003.test.mjs	182069.727423000	182162.978677000	0.093251254
participant-identity/tests/004.test.mjs	182165.588868000	182632.987098000	0.467398230
participant-identity/tests/005.test.mjs	182635.822309000	182770.718941000	0.134896632
participant-identity/tests/007.test.mjs	182669.816834000	182760.389927000	0.090573093
participant-identity/tests/008.test.mjs	182762.779736000	184573.490873000	1.810711137
participant-identity/tests/009.test.mjs	182773.088383000	185306.512384000	2.533424001
participant-identity/tests/010.test.mjs	184579.275980000	184699.992792000	0.120716812
prefix-stability/tests/001.test.mjs	184702.564125000	186779.546557000	2.076982432
prefix-stability/tests/002.test.mjs	185309.194334000	185479.687329000	0.170492995
prefix-stability/tests/003.test.mjs	185482.503821000	192822.184291000	7.339680470
prefix-stability/tests/004.test.mjs	186782.177556000	186891.403559000	0.109226003
prefix-stability/tests/005.test.mjs	186894.988067000	187001.066416000	0.106078349
prefix-stability/tests/006.test.mjs	187003.567904000	187389.619570000	0.386051666
prefix-stability/tests/007.test.mjs	187393.981104000	188100.614268000	0.706633164
prefix-stability/tests/008.test.mjs	188103.465608000	188256.866760000	0.153401152
prefix-stability/tests/009.test.mjs	188259.381609000	188614.103060000	0.354721451
prefix-stability/tests/010.test.mjs	188616.645054000	189410.390080000	0.793745026
prefix-stability/tests/011.test.mjs	189412.542141000	189473.211147000	0.060669006
prefix-stability/tests/012.test.mjs	189478.049185000	197677.822897000	8.199773712
prefix-stability/tests/013.test.mjs	192825.203638000	192967.127647000	0.141924009
prefix-stability/tests/014.test.mjs	192969.828889000	193501.595802000	0.531766913
prefix-stability/tests/015.test.mjs	193504.697346000	193913.884042000	0.409186696
process-execution/tests/001.test.mjs	193916.884055000	194133.576494000	0.216692439
process-execution/tests/002.test.mjs	194136.621677000	196273.270652000	2.136648975
process-execution/tests/003.test.mjs	196275.999144000	196492.970313000	0.216971169
process-execution/tests/004.test.mjs	196496.030153000	197767.177348000	1.271147195
process-execution/tests/005.test.mjs	197680.195955000	198113.752434000	0.433556479
process-execution/tests/006.test.mjs	197769.716327000	199964.848082000	2.195131755
process-execution/tests/007.test.mjs	198116.245973000	198382.858653000	0.266612680
process-execution/tests/008.test.mjs	198385.305630000	198480.362574000	0.095056944
process-execution/tests/009.test.mjs	198483.073252000	198626.339739000	0.143266487
process-execution/tests/010.test.mjs	198628.722181000	199042.715097000	0.413992916
process-execution/tests/011.test.mjs	199045.021650000	199491.672069000	0.446650419
process-execution/tests/012.test.mjs	199494.299472000	199609.579178000	0.115279706
process-execution/tests/013.test.mjs	199611.846048000	200093.629370000	0.481783322
process-execution/tests/014.test.mjs	199967.319856000	200474.653271000	0.507333415
process-execution/tests/015.test.mjs	200096.396384000	200831.024975000	0.734628591
process-execution/tests/016.test.mjs	200477.323398000	200629.613219000	0.152289821
provider-attempt-recovery/tests/001.test.mjs	200632.297949000	201027.838012000	0.395540063
provider-attempt-recovery/tests/002.test.mjs	200834.990204000	201256.553240000	0.421563036
provider-attempt-recovery/tests/003.test.mjs	201030.516440000	201675.162147000	0.644645707
provider-attempt-recovery/tests/004.test.mjs	201259.043958000	201853.649309000	0.594605351
provider-attempt-recovery/tests/005.test.mjs	201677.941894000	202373.899694000	0.695957800
provider-attempt-recovery/tests/006.test.mjs	201855.956730000	201957.758326000	0.101801596
provider-attempt-recovery/tests/007.test.mjs	201960.461046000	202424.457339000	0.463996293
provider-attempt-recovery/tests/008.test.mjs	202376.894482000	202560.891778000	0.183997296
provider-attempt-recovery/tests/009.test.mjs	202427.317997000	202805.550458000	0.378232461
provider-attempt-recovery/tests/010.test.mjs	202563.376685000	202691.679114000	0.128302429
provider-attempt-recovery/tests/011.test.mjs	202694.474547000	203155.107209000	0.460632662
provider-attempt-recovery/tests/012.test.mjs	202808.749578000	203028.741543000	0.219991965
provider-attempt-recovery/tests/013.test.mjs	203030.999477000	203137.271200000	0.106271723
provider-attempt-recovery/tests/014.test.mjs	203139.483778000	203645.508528000	0.506024750
provider-attempt-recovery/tests/015.test.mjs	203157.801582000	203556.097482000	0.398295900
provider-attempt-recovery/tests/016.test.mjs	203561.109184000	203714.134455000	0.153025271
provider-attempt-recovery/tests/017.test.mjs	203648.372432000	203790.160065000	0.141787633
provider-attempt-recovery/tests/018.test.mjs	203716.790581000	203769.535358000	0.052744777
provider-attempt-recovery/tests/019.test.mjs	203772.000548000	204254.948779000	0.482948231
provider-attempt-recovery/tests/020.test.mjs	203792.896843000	204212.404957000	0.419508114
provider-attempt-recovery/tests/021.test.mjs	204214.739939000	204908.766806000	0.694026867
provider-attempt-recovery/tests/022.test.mjs	204257.386027000	204361.694726000	0.104308699
provider-attempt-recovery/tests/023.test.mjs	204362.840710000	205011.332700000	0.648491990
provider-language/tests/001.test.mjs	204917.016347000	205043.729956000	0.126713609
provider-language/tests/002.test.mjs	205015.353392000	205167.057215000	0.151703823
provider-language/tests/003.test.mjs	205046.434913000	205192.157204000	0.145722291
provider-language/tests/004.test.mjs	205169.592782000	205336.263359000	0.166670577
provider-language/tests/005.test.mjs	205194.535322000	205401.592555000	0.207057233
provider-language/tests/006.test.mjs	205338.778833000	205476.465118000	0.137686285
provider-language/tests/007.test.mjs	205403.897617000	205537.037742000	0.133140125
provider-language/tests/008.test.mjs	205479.308364000	205726.407199000	0.247098835
provider-language/tests/009.test.mjs	205539.332714000	205806.409324000	0.267076610
provider-language/tests/010.test.mjs	205729.757259000	205787.408678000	0.057651419
provider-language/tests/011.test.mjs	205790.441467000	205858.030154000	0.067588687
provider-language/tests/012.test.mjs	205809.023121000	205872.266359000	0.063243238
provider-language/tests/013.test.mjs	205860.788400000	206804.619160000	0.943830760
provider-projection/tests/001.test.mjs	205874.442971000	205976.948792000	0.102505821
provider-projection/tests/002.test.mjs	205979.698443000	206100.186884000	0.120488441
provider-projection/tests/003.test.mjs	206102.545040000	206413.152236000	0.310607196
provider-projection/tests/004.test.mjs	206415.737516000	206526.154368000	0.110416852
provider-projection/tests/005.test.mjs	206529.417297000	206703.151636000	0.173734339
provider-projection/tests/006.test.mjs	206705.968369000	206826.592449000	0.120624080
provider-projection/tests/007.test.mjs	206807.470531000	206886.063697000	0.078593166
provider-projection/tests/008.test.mjs	206829.145639000	207025.966159000	0.196820520
provider-projection/tests/009.test.mjs	206888.494608000	207100.593403000	0.212098795
provider-projection/tests/010.test.mjs	207028.457808000	207390.183471000	0.361725663
provider-projection/tests/011.test.mjs	207106.015738000	220194.331831000	13.088316093
provider-projection/tests/012.test.mjs	207393.031316000	207521.830626000	0.128799310
provider-projection/tests/013.test.mjs	207524.428134000	207712.840228000	0.188412094
provider-projection/tests/014.test.mjs	207715.685954000	208033.150041000	0.317464087
relay-assessment/tests/001.test.mjs	208035.578953000	208145.082426000	0.109503473
relay-assessment/tests/002.test.mjs	208150.009531000	211585.201425000	3.435191894
relay-assessment/tests/003.test.mjs	211587.459107000	211676.130198000	0.088671091
relay-assessment/tests/004.test.mjs	211678.634413000	211779.822227000	0.101187814
relay-assessment/tests/005.test.mjs	211782.304965000	211877.996647000	0.095691682
relay-assessment/tests/006.test.mjs	211881.034486000	213771.185332000	1.890150846
relay-assessment/tests/007.test.mjs	213775.985119000	215760.102082000	1.984116963
relay-assessment/tests/008.test.mjs	215762.251808000	218491.657765000	2.729405957
relay-assessment/tests/009.test.mjs	218494.077800000	218555.583068000	0.061505268
relay-assessment/tests/010.test.mjs	218559.244814000	218698.219891000	0.138975077
relay-context-projection/tests/001.test.mjs	218700.959818000	220828.476886000	2.127517068
relay-context-projection/tests/002.test.mjs	220198.376082000	223848.674262000	3.650298180
relay-context-projection/tests/003.test.mjs	220831.520656000	220888.131089000	0.056610433
relay-context-projection/tests/004.test.mjs	220890.529193000	220941.256574000	0.050727381
relay-context-projection/tests/005.test.mjs	220943.124219000	222976.800937000	2.033676718
relay-context-projection/tests/006.test.mjs	222978.424436000	225089.096340000	2.110671904
relay-context-projection/tests/007.test.mjs	223851.470363000	223902.842437000	0.051372074
relay-context-projection/tests/008.test.mjs	223905.492958000	225961.232635000	2.055739677
relay-context-projection/tests/009.test.mjs	225091.276198000	225143.474518000	0.052198320
relay-incumbency/tests/001.test.mjs	225145.982247000	225239.251619000	0.093269372
relay-incumbency/tests/002.test.mjs	225241.966399000	225340.013055000	0.098046656
relay-incumbency/tests/003.test.mjs	225342.620922000	225474.528562000	0.131907640
relay-incumbency/tests/004.test.mjs	225477.392921000	225576.065456000	0.098672535
relay-incumbency/tests/005.test.mjs	225578.852956000	225675.746117000	0.096893161
relay-incumbency/tests/006.test.mjs	225678.337764000	225788.349732000	0.110011968
relay-incumbency/tests/008.test.mjs	225791.039391000	225904.793490000	0.113754099
relay-incumbency/tests/009.test.mjs	225907.252965000	226012.093403000	0.104840438
relay-incumbency/tests/010.test.mjs	225965.478626000	226060.951627000	0.095473001
relay-incumbency/tests/011.test.mjs	226014.546051000	226112.132989000	0.097586938
relay-incumbency/tests/012.test.mjs	226063.689851000	226161.251953000	0.097562102
relay-incumbency/tests/013.test.mjs	226114.758578000	226228.125173000	0.113366595
relay-retirement/tests/001.test.mjs	226164.130902000	226214.018244000	0.049887342
relay-retirement/tests/002.test.mjs	226216.097741000	228167.502991000	1.951405250
relay-retirement/tests/003.test.mjs	226231.059916000	228320.808415000	2.089748499
relay-retirement/tests/004.test.mjs	228171.495191000	230276.609519000	2.105114328
relay-retirement/tests/007.test.mjs	228331.051990000	228448.699547000	0.117647557
relay-retirement/tests/008.test.mjs	228451.410826000	232040.853888000	3.589443062
relay-retirement/tests/009.test.mjs	230279.310868000	231219.107093000	0.939796225
repository-investigation/tests/001.test.mjs	231220.326259000	231285.367009000	0.065040750
repository-investigation/tests/002.test.mjs	231288.316206000	231430.764416000	0.142448210
repository-investigation/tests/003.test.mjs	231434.310677000	231486.818707000	0.052508030
repository-investigation/tests/004.test.mjs	231491.144253000	231540.862867000	0.049718614
repository-investigation/tests/005.test.mjs	231543.624379000	231599.235118000	0.055610739
repository-investigation/tests/006.test.mjs	231602.226095000	231739.398889000	0.137172794
repository-investigation/tests/007.test.mjs	231742.284517000	231883.707489000	0.141422972
repository-investigation/tests/008.test.mjs	231886.406816000	232010.439519000	0.124032703
repository-investigation/tests/009.test.mjs	232013.099303000	232347.165376000	0.334066073
repository-programming/tests/001.test.mjs	232043.754946000	232328.023016000	0.284268070
repository-programming/tests/002.test.mjs	232331.100509000	232940.085167000	0.608984658
repository-programming/tests/003.test.mjs	232349.848503000	232540.349267000	0.190500764
repository-programming/tests/004.test.mjs	232543.663592000	232687.643253000	0.143979661
repository-programming/tests/005.test.mjs	232689.783396000	232922.091382000	0.232307986
repository-programming/tests/006.test.mjs	232924.966925000	233315.409623000	0.390442698
repository-programming/tests/007.test.mjs	232942.404274000	233356.742182000	0.414337908
repository-programming/tests/008.test.mjs	233317.750481000	233497.701575000	0.179951094
repository-programming/tests/009.test.mjs	233359.702411000	233523.903089000	0.164200678
repository-programming/tests/010.test.mjs	233500.254349000	233689.241718000	0.188987369
repository-programming/tests/011.test.mjs	233526.760321000	233921.602768000	0.394842447
repository-programming/tests/012.test.mjs	233691.649892000	234092.123430000	0.400473538
repository-programming/tests/013.test.mjs	233924.117635000	234299.613815000	0.375496180
repository-programming/tests/014.test.mjs	234095.810400000	234488.389664000	0.392579264
repository-programming/tests/015.test.mjs	234302.984826000	234704.826043000	0.401841217
repository-programming/tests/016.test.mjs	234491.305130000	234935.846873000	0.444541743
repository-programming/tests/017.test.mjs	234707.736434000	234906.460521000	0.198724087
repository-programming/tests/018.test.mjs	234909.348560000	235269.992756000	0.360644196
repository-programming/tests/019.test.mjs	234938.472352000	235308.308741000	0.369836389
repository-programming/tests/020.test.mjs	235272.675162000	235766.439823000	0.493764661
repository-programming/tests/021.test.mjs	235310.903182000	235369.674985000	0.058771803
repository-programming/tests/022.test.mjs	235372.634702000	235539.877675000	0.167242973
repository-programming/tests/023.test.mjs	235542.995407000	235844.512677000	0.301517270
repository-programming/tests/024.test.mjs	235770.325484000	236092.996159000	0.322670675
repository-programming/tests/025.test.mjs	235847.304573000	236213.340245000	0.366035672
repository-programming/tests/026.test.mjs	236095.900705000	236252.307540000	0.156406835
repository-programming/tests/027.test.mjs	236217.055588000	236395.036797000	0.177981209
requirement-grounding/tests/001.test.mjs	236254.842471000	236356.548003000	0.101705532
requirement-grounding/tests/002.test.mjs	236359.364010000	236462.024471000	0.102660461
requirement-grounding/tests/003.test.mjs	236397.704215000	236496.356370000	0.098652155
requirement-grounding/tests/004.test.mjs	236465.264300000	236556.065037000	0.090800737
requirement-grounding/tests/005.test.mjs	236498.896881000	236999.840756000	0.500943875
requirement-grounding/tests/006.test.mjs	236559.996929000	239654.946881000	3.094949952
requirement-grounding/tests/007.test.mjs	237005.418044000	269508.153786000	32.502735742
requirement-grounding/tests/008.test.mjs	239657.744932000	241803.812743000	2.146067811
requirement-grounding/tests/009.test.mjs	241807.086367000	242273.254286000	0.466167919
requirement-grounding/tests/010.test.mjs	242276.184845000	242771.986377000	0.495801532
requirement-grounding/tests/011.test.mjs	242775.043673000	249112.311849000	6.337268176
requirement-grounding/tests/012.test.mjs	249115.363848000	258441.088618000	9.325724770
requirement-system/tests/001.test.mjs	258441.655196000	258515.987354000	0.074332158
requirement-system/tests/004.test.mjs	258518.274296000	258590.040400000	0.071766104
requirement-system/tests/005.test.mjs	258592.428797000	258648.107106000	0.055678309
requirement-system/tests/006.test.mjs	258650.596612000	258730.467672000	0.079871060
requirement-system/tests/007.test.mjs	258733.482157000	258789.806422000	0.056324265
requirement-system/tests/008.test.mjs	258792.473618000	258854.415266000	0.061941648
requirement-system/tests/011.test.mjs	258856.968340000	258911.311206000	0.054342866
requirement-system/tests/017.test.mjs	258914.149578000	260514.558522000	1.600408944
requirement-system/tests/018.test.mjs	260517.387341000	260579.839544000	0.062452203
semantic-trace/tests/001.test.mjs	260582.736059000	261025.738338000	0.443002279
semantic-trace/tests/002.test.mjs	261029.143752000	261722.312046000	0.693168294
semantic-trace/tests/003.test.mjs	261727.611345000	262215.447897000	0.487836552
semantic-trace/tests/004.test.mjs	262218.526973000	262527.692225000	0.309165252
semantic-trace/tests/005.test.mjs	262532.487036000	262902.002501000	0.369515465
semantic-trace/tests/006.test.mjs	262904.970158000	263279.135824000	0.374165666
semantic-trace/tests/007.test.mjs	263281.897437000	263941.411944000	0.659514507
semantic-trace/tests/008.test.mjs	263945.982513000	263995.239660000	0.049257147
semantic-trace/tests/009.test.mjs	263997.904663000	264365.540490000	0.367635827
semantic-trace/tests/010.test.mjs	264368.283088000	264889.213850000	0.520930762
semantic-trace/tests/011.test.mjs	264891.892107000	264942.115307000	0.050223200
semantic-trace/tests/012.test.mjs	264944.988515000	264993.634454000	0.048645939
session-ontology/tests/001.test.mjs	264996.500342000	265083.569505000	0.087069163
session-ontology/tests/002.test.mjs	265086.511599000	265215.683511000	0.129171912
session-ontology/tests/003.test.mjs	265218.274442000	265309.008928000	0.090734486
session-ontology/tests/004.test.mjs	265311.558029000	265400.156227000	0.088598198
session-ontology/tests/005.test.mjs	265402.762561000	265494.255852000	0.091493291
session-ontology/tests/006.test.mjs	265496.561675000	265706.144827000	0.209583152
session-ontology/tests/007.test.mjs	265709.507231000	265827.614931000	0.118107700
session-ontology/tests/008.test.mjs	265830.145858000	265942.574516000	0.112428658
session-ontology/tests/009.test.mjs	265946.337237000	266082.867399000	0.136530162
session-ontology/tests/010.test.mjs	266090.480545000	266198.004727000	0.107524182
session-ontology/tests/011.test.mjs	266200.406358000	266267.004297000	0.066597939
session-ontology/tests/012.test.mjs	266269.352024000	266359.384549000	0.090032525
session-ontology/tests/014.test.mjs	266362.449883000	266424.655522000	0.062205639
speculative-investigation/tests/001.test.mjs	266429.052456000	266808.221745000	0.379169289
speculative-investigation/tests/002.test.mjs	266810.809905000	267899.361968000	1.088552063
speculative-investigation/tests/003.test.mjs	267902.692683000	268215.892278000	0.313199595
speculative-investigation/tests/004.test.mjs	268218.669748000	268775.826332000	0.557156584
speculative-investigation/tests/005.test.mjs	268780.453587000	269419.155090000	0.638701503
speculative-investigation/tests/006.test.mjs	269422.024067000	269902.004820000	0.479980753
speculative-investigation/tests/007.test.mjs	269510.802648000	269931.344043000	0.420541395
speculative-investigation/tests/008.test.mjs	269905.324775000	270380.687394000	0.475362619
speculative-investigation/tests/009.test.mjs	269933.934832000	272093.116688000	2.159181856
speculative-investigation/tests/010.test.mjs	270383.540262000	270659.898325000	0.276358063
speculative-investigation/tests/011.test.mjs	270662.456188000	271632.017970000	0.969561782
speculative-investigation/tests/012.test.mjs	271633.552098000	272598.815757000	0.965263659
speculative-investigation/tests/013.test.mjs	272095.186430000	277172.488020000	5.077301590
speculative-investigation/tests/014.test.mjs	272601.804013000	272846.075866000	0.244271853
speculative-investigation/tests/015.test.mjs	272848.836838000	274296.329307000	1.447492469
speculative-investigation/tests/016.test.mjs	274299.631970000	275201.458373000	0.901826403
speculative-investigation/tests/020.test.mjs	275204.301369000	275739.367353000	0.535065984
sphinx-v2/tests/001.test.mjs	275741.859839000	276119.390445000	0.377530606
sphinx-v2/tests/002.test.mjs	276122.169160000	276259.197743000	0.137028583
sphinx-v2/tests/004.test.mjs	276261.530912000	276610.901257000	0.349370345
sphinx-v2/tests/007.test.mjs	276614.029932000	277020.252317000	0.406222385
sphinx-v2/tests/010.test.mjs	277023.265521000	277853.790726000	0.830525205
sphinx-v2/tests/011.test.mjs	277175.483249000	277546.875505000	0.371392256
sphinx-v2/tests/012.test.mjs	277549.876857000	277606.378320000	0.056501463
sphinx-v2/tests/013.test.mjs	277609.014400000	277734.770361000	0.125755961
sphinx-v2/tests/014.test.mjs	277738.077763000	277889.342944000	0.151265181
sphinx-v2/tests/017.test.mjs	277858.016252000	278360.058364000	0.502042112
sphinx-v2/tests/018.test.mjs	277894.015965000	278028.509216000	0.134493251
sphinx-v2/tests/019.test.mjs	278032.997492000	279138.517922000	1.105520430
sphinx-v2/tests/020.test.mjs	278365.839464000	279106.039368000	0.740199904
sphinx-v2/tests/021.test.mjs	279108.951374000	279218.581734000	0.109630360
sphinx-v2/tests/022.test.mjs	279141.023842000	279190.649005000	0.049625163
sphinx-v2/tests/023.test.mjs	279193.093046000	279342.427866000	0.149334820
sphinx-v2/tests/025.test.mjs	279222.249835000	279363.930349000	0.141680514
sphinx-v2/tests/026.test.mjs	279345.044499000	279481.809529000	0.136765030
sphinx-v2/tests/029.test.mjs	279366.465895000	279507.895806000	0.141429911
sphinx-v2/tests/033.test.mjs	279485.037858000	281734.205975000	2.249168117
sphinx-v2/tests/034.test.mjs	279512.063935000	279654.332070000	0.142268135
sphinx-v2/tests/036.test.mjs	279658.976829000	282771.491424000	3.112514595
structured-workflow/tests/003.test.mjs	281737.996769000	281891.695131000	0.153698362
structured-workflow/tests/004.test.mjs	281894.537004000	282056.705697000	0.162168693
structured-workflow/tests/005.test.mjs	282059.713159000	282544.621924000	0.484908765
structured-workflow/tests/006.test.mjs	282547.875676000	283081.874288000	0.533998612
structured-workflow/tests/009.test.mjs	282774.057507000	282909.412607000	0.135355100
structured-workflow/tests/010.test.mjs	282912.086451000	283478.310967000	0.566224516
structured-workflow/tests/011.test.mjs	283084.371003000	283340.401254000	0.256030251
structured-workflow/tests/012.test.mjs	283342.902597000	285758.281642000	2.415379045
structured-workflow/tests/013.test.mjs	283480.802575000	283719.956094000	0.239153519
structured-workflow/tests/014.test.mjs	283722.811629000	285462.895050000	1.740083421
structured-workflow/tests/015.test.mjs	285465.807475000	285625.653887000	0.159846412
structured-workflow/tests/016.test.mjs	285628.596395000	285683.280624000	0.054684229
structured-workflow/tests/018.test.mjs	285686.188795000	285738.434934000	0.052246139
structured-workflow/tests/019.test.mjs	285741.391622000	285829.595721000	0.088204099
time-capability/tests/001.test.mjs	285760.565233000	285879.234740000	0.118669507
time-capability/tests/002.test.mjs	285832.217669000	285908.671739000	0.076454070
time-capability/tests/003.test.mjs	285882.211025000	286036.698046000	0.154487021
time-capability/tests/004.test.mjs	285911.412297000	286147.904766000	0.236492469
time-capability/tests/005.test.mjs	286042.642295000	286163.288510000	0.120646215
time-capability/tests/006.test.mjs	286150.399367000	286299.955721000	0.149556354
time-capability/tests/007.test.mjs	286165.688629000	286303.030995000	0.137342366
time-capability/tests/008.test.mjs	286302.056889000	286473.460559000	0.171403670
verification-system/tests/002.test.mjs	286305.262060000	286362.946022000	0.057683962
verification-system/tests/003.test.mjs	286365.906467000	286767.325462000	0.401418995
verification-system/tests/004.test.mjs	286476.365520000	286595.003928000	0.118638408
verification-system/tests/005.test.mjs	286597.633785000	290996.651940000	4.399018155
verification-system/tests/007.test.mjs	290998.763060000	291664.085854000	0.665322794
verification-system/tests/008.test.mjs	291666.827800000	295731.633921000	4.064806121
verification-system/tests/009.test.mjs	295734.400073000	299965.816640000	4.231416567
