path	admissionMs	drainMs	costSeconds
action-affordance/tests/001.test.mjs	35.825787000	324.932450000	0.289106663
action-affordance/tests/002.test.mjs	38.666070000	79.893936000	0.041227866
action-affordance/tests/003.test.mjs	82.030205000	124.417699000	0.042387494
action-affordance/tests/004.test.mjs	126.565489000	168.453138000	0.041887649
action-affordance/tests/005.test.mjs	170.802523000	212.621002000	0.041818479
action-affordance/tests/006.test.mjs	214.630099000	256.509359000	0.041879260
action-affordance/tests/007.test.mjs	258.430267000	393.276535000	0.134846268
action-affordance/tests/008.test.mjs	326.868806000	376.817201000	0.049948395
action-affordance/tests/009.test.mjs	379.535344000	685.968121000	0.306432777
action-affordance/tests/010.test.mjs	395.347455000	435.645195000	0.040297740
action-affordance/tests/011.test.mjs	437.957125000	479.676824000	0.041719699
action-affordance/tests/012.test.mjs	481.871165000	525.533366000	0.043662201
action-affordance/tests/013.test.mjs	527.898280000	569.868873000	0.041970593
action-affordance/tests/014.test.mjs	571.835295000	873.013315000	0.301178020
action-affordance/tests/015.test.mjs	689.867734000	987.378842000	0.297511108
attention-regulation/tests/001.test.mjs	874.779805000	1012.187500000	0.137407695
attention-regulation/tests/002.test.mjs	989.193475000	2558.538902000	1.569345427
attention-regulation/tests/003.test.mjs	1013.803392000	1160.093841000	0.146290449
attention-regulation/tests/004.test.mjs	1161.826458000	3479.015895000	2.317189437
attention-regulation/tests/005.test.mjs	2561.292685000	4036.016963000	1.474724278
attention-regulation/tests/006.test.mjs	3481.858913000	3556.825805000	0.074966892
behavior-diagnosis/tests/001.test.mjs	3560.456224000	3728.071078000	0.167614854
behavior-diagnosis/tests/002.test.mjs	3730.078577000	3774.326738000	0.044248161
behavior-diagnosis/tests/003.test.mjs	3776.218038000	3915.072497000	0.138854459
behavior-diagnosis/tests/004.test.mjs	3917.259909000	4174.691681000	0.257431772
behavior-diagnosis/tests/005.test.mjs	4039.495337000	4147.961013000	0.108465676
behavior-diagnosis/tests/006.test.mjs	4148.423562000	5818.927863000	1.670504301
behavior-diagnosis/tests/007.test.mjs	4176.478321000	4374.851301000	0.198372980
behavior-diagnosis/tests/008.test.mjs	4376.961061000	4715.917790000	0.338956729
behavior-diagnosis/tests/009.test.mjs	4717.730010000	5801.719417000	1.083989407
behavior-diagnosis/tests/010.test.mjs	5803.731940000	6090.598347000	0.286866407
behavior-diagnosis/tests/011.test.mjs	5820.591619000	5941.136401000	0.120544782
behavior-diagnosis/tests/012.test.mjs	5943.189225000	6182.949436000	0.239760211
behavior-diagnosis/tests/013.test.mjs	6092.037553000	6329.586069000	0.237548516
behavior-diagnosis/tests/014.test.mjs	6184.900499000	6449.375485000	0.264474986
behavior-diagnosis/tests/015.test.mjs	6331.429111000	6456.723579000	0.125294468
behavior-diagnosis/tests/016.test.mjs	6451.269193000	6825.357418000	0.374088225
behavior-diagnosis/tests/017.test.mjs	6458.353122000	12579.425673000	6.121072551
behavior-diagnosis/tests/018.test.mjs	6830.867959000	8621.660390000	1.790792431
behavior-diagnosis/tests/019.test.mjs	8623.779008000	8664.712933000	0.040933925
capability-enforcement/tests/001.test.mjs	8666.488337000	8756.158613000	0.089670276
capability-enforcement/tests/002.test.mjs	8758.027113000	9947.210125000	1.189183012
capability-enforcement/tests/003.test.mjs	9949.337246000	10038.649941000	0.089312695
capability-enforcement/tests/004.test.mjs	10040.505060000	10120.819422000	0.080314362
capability-enforcement/tests/005.test.mjs	10122.782400000	10303.346000000	0.180563600
capability-enforcement/tests/006.test.mjs	10305.088825000	12825.793059000	2.520704234
capability-enforcement/tests/007.test.mjs	12581.757994000	13143.709658000	0.561951664
capability-enforcement/tests/009.test.mjs	12827.667523000	14223.631193000	1.395963670
capability-enforcement/tests/010.test.mjs	13145.995143000	15129.922318000	1.983927175
capability-enforcement/tests/011.test.mjs	14225.546788000	15650.620581000	1.425073793
capability-enforcement/tests/012.test.mjs	15132.537071000	15494.287495000	0.361750424
capability-enforcement/tests/013.test.mjs	15496.569925000	15569.401091000	0.072831166
capability-enforcement/tests/014.test.mjs	15571.513043000	15620.419368000	0.048906325
capability-enforcement/tests/015.test.mjs	15622.832786000	15754.205756000	0.131372970
capability-enforcement/tests/016.test.mjs	15652.553087000	15776.560624000	0.124007537
capability-enforcement/tests/017.test.mjs	15756.513014000	15829.882943000	0.073369929
capability-enforcement/tests/018.test.mjs	15778.347716000	15853.294098000	0.074946382
capability-enforcement/tests/019.test.mjs	15831.758854000	16494.033307000	0.662274453
capability-enforcement/tests/020.test.mjs	15855.211822000	15894.680355000	0.039468533
capability-enforcement/tests/021.test.mjs	15896.511072000	22034.539195000	6.138028123
capability-enforcement/tests/023.test.mjs	16495.881501000	16897.238693000	0.401357192
capability-enforcement/tests/024.test.mjs	16899.160358000	18215.196214000	1.316035856
capability-enforcement/tests/025.test.mjs	18217.854722000	20571.260640000	2.353405918
capability-enforcement/tests/026.test.mjs	20573.226688000	21585.229281000	1.012002593
causal-wait/tests/001.test.mjs	21587.220197000	21668.298614000	0.081078417
causal-wait/tests/002.test.mjs	21669.996961000	21754.821967000	0.084825006
causal-wait/tests/003.test.mjs	21756.711824000	22217.256006000	0.460544182
causal-wait/tests/004.test.mjs	22036.608634000	22114.890179000	0.078281545
causal-wait/tests/005.test.mjs	22117.515778000	22313.954567000	0.196438789
causal-wait/tests/006.test.mjs	22219.363667000	22368.688113000	0.149324446
causal-wait/tests/007.test.mjs	22318.484655000	22441.146955000	0.122662300
causal-wait/tests/008.test.mjs	22370.532262000	22586.743982000	0.216211720
causal-wait/tests/009.test.mjs	22443.325064000	22593.627237000	0.150302173
change-integration/tests/001.test.mjs	22588.680049000	22788.526304000	0.199846255
change-integration/tests/002.test.mjs	22595.644782000	22907.846608000	0.312201826
change-integration/tests/003.test.mjs	22789.823595000	23138.119630000	0.348296035
change-integration/tests/004.test.mjs	22909.995491000	23574.814689000	0.664819198
change-integration/tests/005.test.mjs	23140.096003000	23423.288333000	0.283192330
change-integration/tests/006.test.mjs	23425.403311000	23623.087769000	0.197684458
change-integration/tests/007.test.mjs	23576.801808000	23793.291508000	0.216489700
change-integration/tests/008.test.mjs	23625.203962000	23966.207588000	0.341003626
change-integration/tests/009.test.mjs	23795.922305000	23985.210755000	0.189288450
change-integration/tests/011.test.mjs	23969.723553000	24010.195275000	0.040471722
change-integration/tests/013.test.mjs	23987.051188000	24186.875155000	0.199823967
change-integration/tests/014.test.mjs	24012.213110000	24203.283629000	0.191070519
change-integration/tests/015.test.mjs	24189.224346000	24380.822663000	0.191598317
change-integration/tests/017.test.mjs	24205.359723000	24244.471109000	0.039111386
cognitive-environment/tests/001.test.mjs	24246.532545000	24289.050038000	0.042517493
cognitive-environment/tests/002.test.mjs	24290.290954000	24338.513273000	0.048222319
cognitive-environment/tests/003.test.mjs	24340.507958000	24442.192242000	0.101684284
cognitive-environment/tests/004.test.mjs	24383.097011000	24425.778843000	0.042681832
cognitive-environment/tests/005.test.mjs	24427.801537000	24521.200073000	0.093398536
cognitive-environment/tests/006.test.mjs	24444.060947000	24481.509077000	0.037448130
cognitive-environment/tests/007.test.mjs	24483.638391000	24523.851206000	0.040212815
cognitive-environment/tests/008.test.mjs	24523.131033000	24562.464434000	0.039333401
cognitive-environment/tests/009.test.mjs	24525.546639000	24564.789313000	0.039242674
cognitive-environment/tests/010.test.mjs	24564.116612000	24603.089467000	0.038972855
cognitive-environment/tests/011.test.mjs	24566.372101000	24605.471453000	0.039099352
cognitive-environment/tests/012.test.mjs	24604.815592000	24688.133685000	0.083318093
cognitive-environment/tests/013.test.mjs	24608.049891000	24646.875429000	0.038825538
cognitive-environment/tests/015.test.mjs	24648.590532000	28748.630332000	4.100039800
cognitive-environment/tests/016.test.mjs	24689.039614000	24728.919746000	0.039880132
cognitive-workspace/tests/001.test.mjs	24730.726908000	24770.498521000	0.039771613
cognitive-workspace/tests/002.test.mjs	24773.152544000	24816.332930000	0.043180386
cognitive-workspace/tests/003.test.mjs	24819.022071000	24857.810258000	0.038788187
cognitive-workspace/tests/004.test.mjs	24860.495587000	24903.088980000	0.042593393
cognitive-workspace/tests/005.test.mjs	24905.028468000	24943.728581000	0.038700113
cognitive-workspace/tests/006.test.mjs	24946.114723000	24998.770433000	0.052655710
cognitive-workspace/tests/007.test.mjs	25001.245581000	25041.598913000	0.040353332
cognitive-workspace/tests/008.test.mjs	25044.516534000	25093.355535000	0.048839001
cognitive-workspace/tests/009.test.mjs	25097.815367000	25141.303679000	0.043488312
cognitive-workspace/tests/010.test.mjs	25143.260236000	25182.874377000	0.039614141
concern-routing/tests/001.test.mjs	25184.645925000	25273.720250000	0.089074325
concern-routing/tests/002.test.mjs	25275.643247000	28893.411932000	3.617768685
concern-routing/tests/003.test.mjs	28750.701804000	30165.727251000	1.415025447
concern-routing/tests/004.test.mjs	28895.378544000	30561.531488000	1.666152944
concern-routing/tests/005.test.mjs	30167.816695000	31523.068255000	1.355251560
concern-routing/tests/006.test.mjs	30565.546086000	32607.149096000	2.041603010
concern-routing/tests/007.test.mjs	31527.550421000	31573.584557000	0.046034136
context-compression/tests/001.test.mjs	31575.491130000	31633.646780000	0.058155650
context-compression/tests/002.test.mjs	31634.182490000	31964.254583000	0.330072093
context-compression/tests/003.test.mjs	31966.453142000	32512.287722000	0.545834580
context-compression/tests/004.test.mjs	32514.953878000	32632.232375000	0.117278497
context-compression/tests/005.test.mjs	32609.856194000	32883.291378000	0.273435184
context-compression/tests/006.test.mjs	32634.045171000	32916.171323000	0.282126152
context-compression/tests/007.test.mjs	32885.697715000	33157.529465000	0.271831750
context-compression/tests/008.test.mjs	32918.506273000	33208.949698000	0.290443425
context-compression/tests/009.test.mjs	33162.539228000	33451.491023000	0.288951795
context-compression/tests/010.test.mjs	33211.634607000	33349.777927000	0.138143320
context-compression/tests/011.test.mjs	33351.687794000	33569.503611000	0.217815817
context-compression/tests/012.test.mjs	33453.504753000	33673.114813000	0.219610060
context-compression/tests/013.test.mjs	33569.954953000	33685.859879000	0.115904926
context-compression/tests/014.test.mjs	33674.902926000	33803.615824000	0.128712898
context-compression/tests/015.test.mjs	33687.545737000	33765.103194000	0.077557457
context-compression/tests/016.test.mjs	33767.018454000	34011.336095000	0.244317641
context-compression/tests/017.test.mjs	33807.050837000	34013.881797000	0.206830960
context-compression/tests/018.test.mjs	34013.098919000	35744.962662000	1.731863743
context-compression/tests/019.test.mjs	34015.581827000	34561.061603000	0.545479776
context-compression/tests/020.test.mjs	34563.072272000	34726.935320000	0.163863048
context-compression/tests/021.test.mjs	34728.900090000	34996.817021000	0.267916931
context-compression/tests/022.test.mjs	34999.055058000	35273.516270000	0.274461212
context-compression/tests/023.test.mjs	35276.901306000	35396.127442000	0.119226136
context-compression/tests/024.test.mjs	35398.501850000	52900.582889000	17.502081039
context-compression/tests/025.test.mjs	35746.841792000	36042.219175000	0.295377383
context-compression/tests/026.test.mjs	36046.530030000	36577.784427000	0.531254397
context-compression/tests/027.test.mjs	36579.601368000	36978.662803000	0.399061435
context-compression/tests/028.test.mjs	36981.055964000	37077.057639000	0.096001675
context-compression/tests/029.test.mjs	37079.076741000	37262.370233000	0.183293492
context-compression/tests/030.test.mjs	37264.513167000	37438.690192000	0.174177025
crash-reconciliation/tests/001.test.mjs	37440.680098000	37518.055789000	0.077375691
crash-reconciliation/tests/002.test.mjs	37520.884424000	37607.628553000	0.086744129
crash-reconciliation/tests/003.test.mjs	37609.953206000	37715.836627000	0.105883421
crash-reconciliation/tests/004.test.mjs	37717.888433000	37770.273439000	0.052385006
crash-reconciliation/tests/005.test.mjs	37772.279330000	37856.093947000	0.083814617
crash-reconciliation/tests/006.test.mjs	37858.341965000	37940.347482000	0.082005517
crash-reconciliation/tests/007.test.mjs	37943.839390000	38053.462261000	0.109622871
crash-reconciliation/tests/008.test.mjs	38055.364882000	38129.275280000	0.073910398
crash-reconciliation/tests/009.test.mjs	38131.524008000	38359.874622000	0.228350614
crash-reconciliation/tests/010.test.mjs	38362.084071000	38439.730566000	0.077646495
crash-reconciliation/tests/011.test.mjs	38442.502009000	38523.278995000	0.080776986
crash-reconciliation/tests/012.test.mjs	38525.546232000	38611.761661000	0.086215429
crash-reconciliation/tests/013.test.mjs	38613.709405000	38684.522868000	0.070813463
crash-reconciliation/tests/014.test.mjs	38686.644214000	38760.833418000	0.074189204
crash-reconciliation/tests/015.test.mjs	38762.876235000	39332.420085000	0.569543850
crash-reconciliation/tests/016.test.mjs	39334.562334000	39448.846459000	0.114284125
crash-reconciliation/tests/017.test.mjs	39450.915000000	39498.542507000	0.047627507
crash-reconciliation/tests/018.test.mjs	39500.187788000	41039.774079000	1.539586291
crash-reconciliation/tests/019.test.mjs	41042.503144000	41089.005248000	0.046502104
crash-reconciliation/tests/020.test.mjs	41090.839510000	41377.542224000	0.286702714
crash-reconciliation/tests/021.test.mjs	41379.581060000	41610.685821000	0.231104761
degeneration-guard/tests/001.test.mjs	41612.696029000	41886.259990000	0.273563961
degeneration-guard/tests/002.test.mjs	41888.427240000	42118.798858000	0.230371618
degeneration-guard/tests/003.test.mjs	42121.317350000	42374.807983000	0.253490633
degeneration-guard/tests/004.test.mjs	42376.767365000	42931.062718000	0.554295353
degeneration-guard/tests/005.test.mjs	42933.015480000	43136.322444000	0.203306964
degeneration-guard/tests/006.test.mjs	43138.151284000	43359.652634000	0.221501350
degeneration-guard/tests/007.test.mjs	43361.665597000	43602.953304000	0.241287707
degeneration-guard/tests/008.test.mjs	43605.136154000	43821.219413000	0.216083259
degeneration-guard/tests/009.test.mjs	43823.384295000	44062.809241000	0.239424946
degeneration-guard/tests/010.test.mjs	44064.765008000	44262.724448000	0.197959440
degeneration-guard/tests/011.test.mjs	44264.723735000	44370.224954000	0.105501219
degeneration-guard/tests/012.test.mjs	44372.182834000	44411.688256000	0.039505422
degeneration-guard/tests/013.test.mjs	44413.509775000	44627.075002000	0.213565227
delegation/tests/001.test.mjs	44629.028745000	44665.043440000	0.036014695
delegation/tests/002.test.mjs	44666.903562000	44730.885030000	0.063981468
delegation/tests/003.test.mjs	44732.959536000	47546.787409000	2.813827873
delegation/tests/004.test.mjs	47548.396541000	47588.815328000	0.040418787
delegation/tests/005.test.mjs	47591.019831000	47789.639880000	0.198620049
delegation/tests/006.test.mjs	47791.994971000	48405.387574000	0.613392603
delegation/tests/007.test.mjs	48407.526677000	48933.824588000	0.526297911
delegation/tests/008.test.mjs	48937.509108000	49467.160196000	0.529651088
delegation/tests/009.test.mjs	49469.602238000	50107.523702000	0.637921464
delegation/tests/010.test.mjs	50109.024726000	50699.615714000	0.590590988
delegation/tests/011.test.mjs	50702.087250000	51226.453721000	0.524366471
delegation/tests/012.test.mjs	51229.031613000	51789.778642000	0.560747029
delegation/tests/013.test.mjs	51791.928367000	52070.115178000	0.278186811
delegation/tests/014.test.mjs	52071.892315000	52352.431977000	0.280539662
delegation/tests/015.test.mjs	52354.594191000	52733.162087000	0.378567896
delegation/tests/017.test.mjs	52735.646877000	52775.462773000	0.039815896
delegation/tests/019.test.mjs	52777.484238000	52896.884393000	0.119400155
delegation/tests/020.test.mjs	52899.084854000	52936.979687000	0.037894833
delegation/tests/021.test.mjs	52903.333226000	53006.657092000	0.103323866
delegation/tests/022.test.mjs	52938.846068000	53019.127812000	0.080281744
delegation/tests/023.test.mjs	53008.679919000	53657.858761000	0.649178842
delegation/tests/024.test.mjs	53020.847641000	54181.235642000	1.160388001
delegation/tests/025.test.mjs	53659.995291000	54944.936981000	1.284941690
delegation/tests/026.test.mjs	54183.350228000	56764.370433000	2.581020205
delegation/tests/027.test.mjs	54946.929869000	55712.191342000	0.765261473
delegation/tests/028.test.mjs	55714.092370000	55936.145683000	0.222053313
delegation/tests/029.test.mjs	55938.232958000	56068.194632000	0.129961674
delegation/tests/030.test.mjs	56070.041618000	56105.485881000	0.035444263
delegation/tests/031.test.mjs	56107.164133000	57057.562886000	0.950398753
delegation/tests/032.test.mjs	56766.389215000	57387.985986000	0.621596771
dispatch-protocol/tests/001.test.mjs	57059.572328000	57524.133821000	0.464561493
dispatch-protocol/tests/002.test.mjs	57390.049907000	57930.782084000	0.540732177
dispatch-protocol/tests/003.test.mjs	57526.354036000	58201.580810000	0.675226774
dispatch-protocol/tests/004.test.mjs	57936.048685000	58544.733030000	0.608684345
dispatch-protocol/tests/005.test.mjs	58204.498700000	58501.140140000	0.296641440
dispatch-protocol/tests/006.test.mjs	58503.579707000	58727.150304000	0.223570597
dispatch-protocol/tests/007.test.mjs	58546.746463000	59725.001928000	1.178255465
dispatch-protocol/tests/008.test.mjs	58729.180563000	59216.240793000	0.487060230
dispatch-protocol/tests/009.test.mjs	59218.941876000	60516.125778000	1.297183902
dispatch-protocol/tests/010.test.mjs	59727.095578000	60565.943800000	0.838848222
dispatch-protocol/tests/011.test.mjs	60518.166162000	60944.560820000	0.426394658
dispatch-protocol/tests/012.test.mjs	60568.114351000	61097.178666000	0.529064315
dispatch-protocol/tests/013.test.mjs	60945.158043000	61372.422931000	0.427264888
dispatch-protocol/tests/014.test.mjs	61099.158559000	61139.992685000	0.040834126
dispatch-protocol/tests/015.test.mjs	61141.492362000	62813.539555000	1.672047193
distribution/tests/001.test.mjs	61374.870401000	61531.146021000	0.156275620
distribution/tests/002.test.mjs	61533.234477000	62211.770808000	0.678536331
distribution/tests/003.test.mjs	62213.806565000	62985.393503000	0.771586938
distribution/tests/004.test.mjs	62816.503876000	62862.572885000	0.046069009
distribution/tests/005.test.mjs	62864.639429000	64271.624594000	1.406985165
distribution/tests/006.test.mjs	62987.480578000	63113.625732000	0.126145154
distribution/tests/007.test.mjs	63115.927952000	66098.581341000	2.982653389
distribution/tests/008.test.mjs	64273.909938000	64346.234541000	0.072324603
distribution/tests/009.test.mjs	64348.408086000	64430.268638000	0.081860552
distribution/tests/010.test.mjs	64432.424077000	64558.520872000	0.126096795
durable-convergence/tests/001.test.mjs	64560.661828000	64758.632100000	0.197970272
durable-convergence/tests/002.test.mjs	64760.976839000	65347.317425000	0.586340586
durable-convergence/tests/003.test.mjs	65349.280992000	65702.063596000	0.352782604
durable-convergence/tests/004.test.mjs	65704.049263000	65906.357507000	0.202308244
durable-convergence/tests/005.test.mjs	65908.368867000	66119.475586000	0.211106719
durable-convergence/tests/006.test.mjs	66100.730195000	66307.378453000	0.206648258
durable-convergence/tests/007.test.mjs	66122.499322000	66412.809115000	0.290309793
durable-convergence/tests/008.test.mjs	66309.794866000	66665.094751000	0.355299885
durable-convergence/tests/009.test.mjs	66415.169232000	66685.176732000	0.270007500
durable-convergence/tests/010.test.mjs	66667.209488000	67013.591312000	0.346381824
durable-convergence/tests/011.test.mjs	66687.831586000	67197.385973000	0.509554387
durable-events/tests/001.test.mjs	67015.532271000	67268.134312000	0.252602041
durable-events/tests/002.test.mjs	67199.296741000	69001.935171000	1.802638430
durable-events/tests/003.test.mjs	67270.507549000	67559.548365000	0.289040816
durable-events/tests/004.test.mjs	67564.232155000	68005.265165000	0.441033010
durable-events/tests/005.test.mjs	68007.586324000	68364.686424000	0.357100100
durable-events/tests/006.test.mjs	68367.050738000	68675.334101000	0.308283363
durable-events/tests/007.test.mjs	68677.568855000	68919.311289000	0.241742434
durable-events/tests/008.test.mjs	68921.675349000	69143.836307000	0.222160958
durable-events/tests/009.test.mjs	69004.186364000	70874.367207000	1.870180843
durable-events/tests/010.test.mjs	69146.083949000	69490.432213000	0.344348264
durable-events/tests/011.test.mjs	69492.431225000	69737.007087000	0.244575862
durable-events/tests/012.test.mjs	69739.068614000	70145.233049000	0.406164435
durable-events/tests/013.test.mjs	70147.323459000	70636.268151000	0.488944692
durable-events/tests/014.test.mjs	70638.594939000	71000.899916000	0.362304977
durable-events/tests/015.test.mjs	70876.847737000	71104.470438000	0.227622701
durable-events/tests/016.test.mjs	71002.900139000	72749.004233000	1.746104094
durable-events/tests/017.test.mjs	71106.467467000	71360.397790000	0.253930323
durable-events/tests/018.test.mjs	71362.558467000	71723.382982000	0.360824515
durable-events/tests/019.test.mjs	71725.342314000	73583.528485000	1.858186171
durable-events/tests/020.test.mjs	72752.520614000	73012.713024000	0.260192410
durable-events/tests/021.test.mjs	73015.153013000	73245.574744000	0.230421731
durable-events/tests/022.test.mjs	73248.042214000	73470.172726000	0.222130512
durable-events/tests/023.test.mjs	73472.357069000	74103.037367000	0.630680298
durable-events/tests/024.test.mjs	73585.714410000	73630.329183000	0.044614773
durable-events/tests/025.test.mjs	73632.844265000	73934.719917000	0.301875652
effect-accounting/tests/001.test.mjs	73937.857010000	74138.370418000	0.200513408
effect-accounting/tests/002.test.mjs	74105.027735000	74299.474744000	0.194447009
effect-accounting/tests/003.test.mjs	74140.922807000	74645.822859000	0.504900052
effect-accounting/tests/004.test.mjs	74302.218041000	74510.566323000	0.208348282
effect-accounting/tests/005.test.mjs	74516.880609000	74917.504276000	0.400623667
effect-accounting/tests/006.test.mjs	74646.869521000	75029.567346000	0.382697825
effect-accounting/tests/007.test.mjs	74920.272757000	75180.832081000	0.260559324
effect-accounting/tests/008.test.mjs	75031.844859000	75871.374489000	0.839529630
effect-accounting/tests/010.test.mjs	75183.525022000	75298.413176000	0.114888154
effect-accounting/tests/012.test.mjs	75300.732358000	75492.326187000	0.191593829
execution-failure-policy/tests/001.test.mjs	75495.845723000	75576.616923000	0.080771200
execution-failure-policy/tests/002.test.mjs	75578.637388000	76238.683114000	0.660045726
execution-failure-policy/tests/003.test.mjs	75873.265788000	76487.372549000	0.614106761
execution-failure-policy/tests/004.test.mjs	76240.945519000	76342.644351000	0.101698832
execution-failure-policy/tests/005.test.mjs	76344.733119000	76419.502106000	0.074768987
execution-failure-policy/tests/006.test.mjs	76421.739062000	77060.791458000	0.639052396
execution-failure-policy/tests/007.test.mjs	76489.921472000	76695.371894000	0.205450422
execution-failure-policy/tests/008.test.mjs	76697.658641000	76905.240589000	0.207581948
execution-failure-policy/tests/009.test.mjs	76907.630778000	76985.028479000	0.077397701
execution-failure-policy/tests/010.test.mjs	76987.249501000	77742.192142000	0.754942641
execution-failure-policy/tests/011.test.mjs	77063.720857000	77672.031736000	0.608310879
execution-failure-policy/tests/012.test.mjs	77674.725899000	77909.241117000	0.234515218
execution-failure-policy/tests/013.test.mjs	77744.399529000	77823.550501000	0.079150972
execution-failure-policy/tests/014.test.mjs	77825.395990000	77890.932856000	0.065536866
execution-model-routing/tests/001.test.mjs	77893.908324000	78015.792995000	0.121884671
execution-model-routing/tests/002.test.mjs	77911.121651000	78056.657449000	0.145535798
execution-model-routing/tests/003.test.mjs	78017.858848000	81097.528005000	3.079669157
execution-model-routing/tests/004.test.mjs	78058.804756000	78187.185547000	0.128380791
execution-model-routing/tests/005.test.mjs	78189.127914000	78298.693131000	0.109565217
execution-model-routing/tests/006.test.mjs	78301.040349000	78441.972845000	0.140932496
execution-model-routing/tests/007.test.mjs	78444.277389000	78560.974463000	0.116697074
execution-model-routing/tests/008.test.mjs	78563.496306000	79916.125065000	1.352628759
execution-model-routing/tests/009.test.mjs	79919.024879000	81554.174461000	1.635149582
execution-model-routing/tests/010.test.mjs	81101.502734000	81945.512071000	0.844009337
execution-model-routing/tests/011.test.mjs	81556.774802000	81607.634656000	0.050859854
execution-model-routing/tests/012.test.mjs	81609.849314000	81743.019760000	0.133170446
execution-model-routing/tests/013.test.mjs	81745.315260000	81872.727393000	0.127412133
execution-model-routing/tests/014.test.mjs	81875.306372000	85887.807335000	4.012500963
execution-model-routing/tests/015.test.mjs	81948.024974000	82068.795155000	0.120770181
execution-model-routing/tests/016.test.mjs	82075.511689000	82124.597341000	0.049085652
execution-model-routing/tests/017.test.mjs	82127.091041000	82282.475217000	0.155384176
execution-model-routing/tests/018.test.mjs	82285.494161000	82393.465800000	0.107971639
execution-model-routing/tests/019.test.mjs	82395.865373000	82508.084523000	0.112219150
execution-model-routing/tests/020.test.mjs	82510.061451000	82636.924458000	0.126863007
feature-ablation/tests/001.test.mjs	82639.018293000	83372.102719000	0.733084426
feature-ablation/tests/002.test.mjs	83374.169664000	83693.642112000	0.319472448
feature-ablation/tests/003.test.mjs	83695.775617000	84206.565313000	0.510789696
feature-ablation/tests/004.test.mjs	84208.897605000	84812.568493000	0.603670888
guidance-delivery/tests/001.test.mjs	84814.986580000	85222.593163000	0.407606583
guidance-delivery/tests/002.test.mjs	85224.933191000	85641.408854000	0.416475663
guidance-delivery/tests/003.test.mjs	85643.855603000	86030.528111000	0.386672508
guidance-delivery/tests/004.test.mjs	85891.094575000	86400.489548000	0.509394973
guidance-delivery/tests/005.test.mjs	86032.584300000	86488.615025000	0.456030725
guidance-delivery/tests/006.test.mjs	86402.732869000	86833.277167000	0.430544298
guidance-delivery/tests/007.test.mjs	86490.839859000	86988.045653000	0.497205794
guidance-delivery/tests/008.test.mjs	86837.824392000	87327.203763000	0.489379371
guidance-delivery/tests/009.test.mjs	86989.129000000	87268.564377000	0.279435377
guidance-delivery/tests/011.test.mjs	87270.358038000	87617.374610000	0.347016572
guidance-delivery/tests/012.test.mjs	87329.568915000	87419.793721000	0.090224806
host-boundary/tests/001.test.mjs	87421.995535000	87557.769212000	0.135773677
host-boundary/tests/002.test.mjs	87559.923945000	87660.543017000	0.100619072
host-boundary/tests/003.test.mjs	87619.387789000	88931.732336000	1.312344547
host-boundary/tests/004.test.mjs	87662.742727000	87765.002394000	0.102259667
host-boundary/tests/005.test.mjs	87766.986734000	87925.960258000	0.158973524
host-boundary/tests/006.test.mjs	87928.646449000	88176.495198000	0.247848749
host-boundary/tests/007.test.mjs	88178.848616000	88261.087434000	0.082238818
host-boundary/tests/008.test.mjs	88263.321492000	88446.848908000	0.183527416
host-boundary/tests/009.test.mjs	88449.131780000	88548.739627000	0.099607847
host-boundary/tests/010.test.mjs	88550.968176000	88612.688977000	0.061720801
host-boundary/tests/011.test.mjs	88614.970332000	88731.619925000	0.116649593
host-boundary/tests/012.test.mjs	88734.332877000	88812.551816000	0.078218939
host-boundary/tests/013.test.mjs	88814.624740000	90184.176545000	1.369551805
host-boundary/tests/014.test.mjs	88934.493581000	89543.270505000	0.608776924
host-boundary/tests/015.test.mjs	89545.503130000	89668.680979000	0.123177849
host-boundary/tests/016.test.mjs	89670.599084000	89786.547377000	0.115948293
host-boundary/tests/017.test.mjs	89788.634542000	89907.634529000	0.118999987
host-boundary/tests/018.test.mjs	89909.773904000	89958.251257000	0.048477353
host-boundary/tests/019.test.mjs	89961.052913000	90655.730075000	0.694677162
host-boundary/tests/020.test.mjs	90188.091584000	90407.623616000	0.219532032
host-boundary/tests/021.test.mjs	90409.262484000	90595.316550000	0.186054066
host-boundary/tests/022.test.mjs	90597.368403000	91235.127864000	0.637759461
host-boundary/tests/023.test.mjs	90657.852495000	94011.421288000	3.353568793
host-boundary/tests/024.test.mjs	91237.199532000	91341.023209000	0.103823677
host-boundary/tests/025.test.mjs	91343.497951000	91495.702143000	0.152204192
host-boundary/tests/026.test.mjs	91497.887236000	91761.268978000	0.263381742
host-boundary/tests/027.test.mjs	91763.639772000	91908.322683000	0.144682911
host-boundary/tests/028.test.mjs	91910.895238000	92154.431151000	0.243535913
host-boundary/tests/029.test.mjs	92158.340271000	92876.494748000	0.718154477
host-boundary/tests/030.test.mjs	92877.826662000	93052.456629000	0.174629967
host-boundary/tests/031.test.mjs	93054.710110000	93245.200976000	0.190490866
host-boundary/tests/032.test.mjs	93247.604926000	105180.376540000	11.932771614
host-boundary/tests/033.test.mjs	94013.472038000	96024.710967000	2.011238929
host-provider-failure-ownership/tests/001.test.mjs	96026.899927000	97772.070322000	1.745170395
host-provider-failure-ownership/tests/002.test.mjs	97777.451578000	97826.843421000	0.049391843
host-provider-failure-ownership/tests/003.test.mjs	97829.867212000	97902.918822000	0.073051610
host-provider-failure-ownership/tests/004.test.mjs	97905.403453000	99205.640997000	1.300237544
host-provider-failure-ownership/tests/005.test.mjs	99208.241950000	99326.974552000	0.118732602
host-provider-failure-ownership/tests/006.test.mjs	99329.287015000	99402.845883000	0.073558868
host-provider-failure-ownership/tests/007.test.mjs	99405.054693000	99446.252719000	0.041198026
institutional-learning/tests/001.test.mjs	99448.175177000	100827.130152000	1.378954975
institutional-learning/tests/002.test.mjs	100830.511095000	100931.867138000	0.101356043
institutional-learning/tests/003.test.mjs	100934.033144000	102358.068496000	1.424035352
institutional-learning/tests/004.test.mjs	102360.189590000	103779.727035000	1.419537445
institutional-learning/tests/005.test.mjs	103782.877931000	103869.524121000	0.086646190
institutional-learning/tests/006.test.mjs	103870.954079000	105522.486576000	1.651532497
institutional-learning/tests/007.test.mjs	105182.421603000	106615.076958000	1.432655355
institutional-learning/tests/008.test.mjs	105525.309294000	107236.678169000	1.711368875
interaction-authority/tests/001.test.mjs	106619.109026000	107059.591081000	0.440482055
interaction-authority/tests/002.test.mjs	107062.518187000	107468.755310000	0.406237123
interaction-authority/tests/003.test.mjs	107240.327357000	107782.179194000	0.541851837
interaction-authority/tests/004.test.mjs	107471.303589000	107763.179653000	0.291876064
interaction-authority/tests/005.test.mjs	107765.476621000	108247.140281000	0.481663660
interaction-authority/tests/006.test.mjs	107784.656259000	108022.399307000	0.237743048
interaction-authority/tests/007.test.mjs	108027.512197000	108146.611681000	0.119099484
interaction-authority/tests/008.test.mjs	108148.844457000	108282.562152000	0.133717695
interaction-authority/tests/009.test.mjs	108249.373202000	108342.105220000	0.092732018
interaction-authority/tests/010.test.mjs	108285.497470000	108367.582119000	0.082084649
interaction-authority/tests/011.test.mjs	108344.842377000	110697.938129000	2.353095752
interaction-authority/tests/012.test.mjs	108370.009659000	108451.254227000	0.081244568
interaction-authority/tests/013.test.mjs	108453.409882000	108689.351546000	0.235941664
interaction-authority/tests/014.test.mjs	108691.608839000	108772.210581000	0.080601742
interaction-authority/tests/015.test.mjs	108774.415845000	109132.054610000	0.357638765
interaction-authority/tests/016.test.mjs	109135.551216000	109232.192935000	0.096641719
interaction-authority/tests/017.test.mjs	109234.707747000	109785.418593000	0.550710846
interaction-authority/tests/018.test.mjs	109787.954498000	109898.949562000	0.110995064
interaction-authority/tests/019.test.mjs	109901.573629000	110258.096562000	0.356522933
interaction-authority/tests/020.test.mjs	110260.735082000	110303.819003000	0.043083921
interaction-authority/tests/021.test.mjs	110306.467853000	110669.732623000	0.363264770
interaction-authority/tests/022.test.mjs	110672.235548000	110762.453594000	0.090218046
interaction-authority/tests/023.test.mjs	110700.499161000	110785.496423000	0.084997262
intra-participant-parallelism/tests/001.test.mjs	110766.568911000	110807.068575000	0.040499664
intra-participant-parallelism/tests/002.test.mjs	110787.863929000	110871.685613000	0.083821684
intra-participant-parallelism/tests/003.test.mjs	110809.305147000	110897.404609000	0.088099462
intra-participant-parallelism/tests/004.test.mjs	110873.971720000	110975.851548000	0.101879828
intra-participant-parallelism/tests/005.test.mjs	110899.797723000	111001.743746000	0.101946023
intra-participant-parallelism/tests/006.test.mjs	110978.239568000	111063.597496000	0.085357928
intra-participant-parallelism/tests/007.test.mjs	111004.048064000	111086.082413000	0.082034349
intra-participant-parallelism/tests/008.test.mjs	111066.257358000	111153.577793000	0.087320435
intra-participant-parallelism/tests/009.test.mjs	111088.275609000	111360.872493000	0.272596884
intra-participant-parallelism/tests/010.test.mjs	111155.739060000	111201.451981000	0.045712921
intra-participant-parallelism/tests/011.test.mjs	111203.959732000	111303.695338000	0.099735606
intra-participant-parallelism/tests/012.test.mjs	111306.230932000	111688.870618000	0.382639686
intra-participant-parallelism/tests/013.test.mjs	111363.173617000	113232.146375000	1.868972758
intra-participant-parallelism/tests/014.test.mjs	111696.044545000	111803.838224000	0.107793679
intra-participant-parallelism/tests/015.test.mjs	111807.223893000	111892.914753000	0.085690860
intra-participant-parallelism/tests/017.test.mjs	111894.992084000	113583.028355000	1.688036271
js-semantic-surface/tests/001.test.mjs	113234.735761000	113369.235634000	0.134499873
js-semantic-surface/tests/002.test.mjs	113371.320967000	115159.637776000	1.788316809
js-semantic-surface/tests/003.test.mjs	113589.102438000	115273.431525000	1.684329087
js-semantic-surface/tests/004.test.mjs	115162.051206000	115222.617919000	0.060566713
js-semantic-surface/tests/005.test.mjs	115224.763444000	115276.699983000	0.051936539
js-semantic-surface/tests/006.test.mjs	115275.808519000	118689.736138000	3.413927619
knowledge-reuse/tests/001.test.mjs	115278.699721000	115595.570185000	0.316870464
knowledge-reuse/tests/002.test.mjs	115598.332943000	115924.001992000	0.325669049
knowledge-reuse/tests/003.test.mjs	115926.830549000	116041.507624000	0.114677075
knowledge-reuse/tests/004.test.mjs	116044.806993000	116357.949640000	0.313142647
knowledge-reuse/tests/005.test.mjs	116361.519809000	117162.419170000	0.800899361
knowledge-reuse/tests/006.test.mjs	117164.955736000	117560.164176000	0.395208440
knowledge-reuse/tests/007.test.mjs	117562.474700000	117800.705116000	0.238230416
knowledge-reuse/tests/008.test.mjs	117803.319499000	118070.896327000	0.267576828
knowledge-reuse/tests/009.test.mjs	118074.003986000	118335.977359000	0.261973373
knowledge-reuse/tests/010.test.mjs	118338.328610000	119346.493004000	1.008164394
knowledge-reuse/tests/011.test.mjs	118692.061785000	119028.161877000	0.336100092
knowledge-reuse/tests/012.test.mjs	119030.948225000	119290.124203000	0.259175978
knowledge-reuse/tests/013.test.mjs	119292.349924000	119339.941793000	0.047591869
knowledge-reuse/tests/014.test.mjs	119342.257990000	119449.559448000	0.107301458
knowledge-reuse/tests/015.test.mjs	119349.489916000	119708.504062000	0.359014146
knowledge-reuse/tests/016.test.mjs	119451.651321000	119923.994873000	0.472343552
managed-chat-execution/tests/001.test.mjs	119710.863093000	119951.455081000	0.240591988
managed-chat-execution/tests/002.test.mjs	119927.421044000	120191.729473000	0.264308429
managed-chat-execution/tests/003.test.mjs	119953.526539000	122049.388662000	2.095862123
managed-chat-execution/tests/004.test.mjs	120197.526309000	120527.166783000	0.329640474
managed-chat-execution/tests/005.test.mjs	120529.468123000	122805.425282000	2.275957159
managed-chat-execution/tests/006.test.mjs	122052.907067000	123639.274011000	1.586366944
managed-chat-execution/tests/007.test.mjs	122808.152157000	123089.450928000	0.281298771
managed-chat-execution/tests/008.test.mjs	123091.849136000	123135.753208000	0.043904072
managed-chat-execution/tests/009.test.mjs	123137.769859000	123310.368287000	0.172598428
managed-chat-execution/tests/010.test.mjs	123313.051916000	125400.029978000	2.086978062
managed-chat-execution/tests/011.test.mjs	123641.786181000	124169.580296000	0.527794115
managed-chat-execution/tests/012.test.mjs	124171.891653000	124691.883957000	0.519992304
managed-chat-execution/tests/013.test.mjs	124694.921311000	125200.050567000	0.505129256
managed-chat-execution/tests/014.test.mjs	125202.243575000	125485.392398000	0.283148823
managed-session-lifecycle/tests/001.test.mjs	125402.108207000	125496.123716000	0.094015509
managed-session-lifecycle/tests/002.test.mjs	125487.585852000	125563.813758000	0.076227906
managed-session-lifecycle/tests/003.test.mjs	125498.053671000	125577.470462000	0.079416791
managed-session-lifecycle/tests/004.test.mjs	125565.960045000	126317.274993000	0.751314948
managed-session-lifecycle/tests/005.test.mjs	125579.482866000	125681.402802000	0.101919936
managed-session-lifecycle/tests/006.test.mjs	125683.503910000	126468.535238000	0.785031328
managed-session-lifecycle/tests/007.test.mjs	126320.527693000	127482.775830000	1.162248137
managed-session-lifecycle/tests/008.test.mjs	126471.226975000	127666.736004000	1.195509029
managed-session-lifecycle/tests/009.test.mjs	127485.408663000	128262.287620000	0.776878957
managed-session-lifecycle/tests/010.test.mjs	127668.869587000	127751.905076000	0.083035489
managed-session-lifecycle/tests/011.test.mjs	127754.489676000	127839.693757000	0.085204081
managed-session-lifecycle/tests/012.test.mjs	127841.653802000	128161.290585000	0.319636783
managed-session-lifecycle/tests/013.test.mjs	128163.860498000	128947.233147000	0.783372649
managed-session-lifecycle/tests/014.test.mjs	128264.422433000	128919.219873000	0.654797440
managed-session-lifecycle/tests/015.test.mjs	128921.411667000	129822.942206000	0.901530539
managed-session-lifecycle/tests/016.test.mjs	128949.619892000	129073.832665000	0.124212773
managed-session-lifecycle/tests/017.test.mjs	129076.503605000	129196.969980000	0.120466375
managed-session-lifecycle/tests/018.test.mjs	129199.072922000	131384.874105000	2.185801183
managed-session-lifecycle/tests/019.test.mjs	129827.039053000	132018.731192000	2.191692139
managed-session-lifecycle/tests/020.test.mjs	131387.586310000	133256.547904000	1.868961594
managed-session-lifecycle/tests/021.test.mjs	132021.270356000	132063.358381000	0.042088025
managed-session-lifecycle/tests/022.test.mjs	132065.695665000	132390.140277000	0.324444612
managed-session-lifecycle/tests/023.test.mjs	132392.898653000	132487.559004000	0.094660351
managed-session-lifecycle/tests/024.test.mjs	132490.172010000	132587.862328000	0.097690318
managed-session-lifecycle/tests/025.test.mjs	132589.951677000	133492.746819000	0.902795142
obligation-ledger/tests/001.test.mjs	133258.511583000	133565.411168000	0.306899585
obligation-ledger/tests/002.test.mjs	133494.768466000	133805.894502000	0.311126036
obligation-ledger/tests/003.test.mjs	133567.702202000	133608.750164000	0.041047962
obligation-ledger/tests/004.test.mjs	133611.578701000	133938.636825000	0.327058124
obligation-ledger/tests/005.test.mjs	133808.031583000	134115.908431000	0.307876848
obligation-ledger/tests/006.test.mjs	133941.067530000	133981.535070000	0.040467540
obligation-ledger/tests/007.test.mjs	133983.600413000	134027.243920000	0.043643507
office-capability/tests/001.test.mjs	134029.390595000	134072.597717000	0.043207122
office-capability/tests/003.test.mjs	134074.635759000	134146.449828000	0.071814069
office-capability/tests/004.test.mjs	134118.190481000	134155.630949000	0.037440468
office-capability/tests/005.test.mjs	134148.416882000	134188.134733000	0.039717851
office-capability/tests/006.test.mjs	134157.633327000	134200.597266000	0.042963939
office-capability/tests/007.test.mjs	134189.949567000	134299.116106000	0.109166539
office-capability/tests/011.test.mjs	134202.548931000	134240.495234000	0.037946303
office-capability/tests/012.test.mjs	134242.474271000	134310.274692000	0.067800421
office-capability/tests/015.test.mjs	134301.295606000	134367.657431000	0.066361825
office-capability/tests/016.test.mjs	134312.193123000	134376.814561000	0.064621438
office-capability/tests/017.test.mjs	134369.991586000	134436.174796000	0.066183210
office-capability/tests/018.test.mjs	134378.717384000	134443.934503000	0.065217119
participant-horizon/tests/001.test.mjs	134438.210013000	134477.503668000	0.039293655
participant-horizon/tests/002.test.mjs	134446.899070000	134501.850504000	0.054951434
participant-horizon/tests/003.test.mjs	134480.812020000	134721.719770000	0.240907750
participant-horizon/tests/004.test.mjs	134503.926012000	134543.234534000	0.039308522
participant-horizon/tests/005.test.mjs	134545.347509000	134784.814470000	0.239466961
participant-horizon/tests/006.test.mjs	134723.745037000	134763.830043000	0.040085006
participant-horizon/tests/007.test.mjs	134765.938932000	134807.731830000	0.041792898
participant-horizon/tests/008.test.mjs	134787.087127000	134825.731044000	0.038643917
participant-horizon/tests/009.test.mjs	134809.621778000	135393.908873000	0.584287095
participant-horizon/tests/010.test.mjs	134828.050826000	135401.589175000	0.573538349
participant-horizon/tests/011.test.mjs	135396.065885000	135984.632936000	0.588567051
participant-horizon/tests/012.test.mjs	135403.554691000	135510.934329000	0.107379638
participant-horizon/tests/013.test.mjs	135513.139839000	135670.513128000	0.157373289
participant-horizon/tests/014.test.mjs	135672.938541000	135710.842875000	0.037904334
participant-horizon/tests/015.test.mjs	135713.300731000	135789.970241000	0.076669510
participant-identity/tests/001.test.mjs	135792.386234000	135925.914637000	0.133528403
participant-identity/tests/002.test.mjs	135930.504607000	136453.579372000	0.523074765
participant-identity/tests/003.test.mjs	135987.079856000	136068.478215000	0.081398359
participant-identity/tests/004.test.mjs	136073.711297000	136410.555748000	0.336844451
participant-identity/tests/005.test.mjs	136412.614731000	136514.906400000	0.102291669
participant-identity/tests/007.test.mjs	136455.599486000	136524.061217000	0.068461731
participant-identity/tests/008.test.mjs	136517.226253000	137978.246401000	1.461020148
participant-identity/tests/009.test.mjs	136526.094101000	138421.421128000	1.895327027
participant-identity/tests/010.test.mjs	137980.370258000	138075.346105000	0.094975847
prefix-stability/tests/001.test.mjs	138078.383494000	139561.723050000	1.483339556
prefix-stability/tests/002.test.mjs	138426.909636000	138562.515054000	0.135605418
prefix-stability/tests/003.test.mjs	138564.762042000	144405.356368000	5.840594326
prefix-stability/tests/004.test.mjs	139563.988182000	139660.311941000	0.096323759
prefix-stability/tests/005.test.mjs	139662.390655000	139759.865370000	0.097474715
prefix-stability/tests/006.test.mjs	139762.682210000	140048.523955000	0.285841745
prefix-stability/tests/007.test.mjs	140051.505344000	140549.109338000	0.497603994
prefix-stability/tests/008.test.mjs	140552.535619000	140690.927158000	0.138391539
prefix-stability/tests/009.test.mjs	140692.814622000	140882.570382000	0.189755760
prefix-stability/tests/010.test.mjs	140884.390074000	141578.120033000	0.693729959
prefix-stability/tests/011.test.mjs	141580.258923000	141627.327564000	0.047068641
prefix-stability/tests/012.test.mjs	141629.724514000	148611.144726000	6.981420212
prefix-stability/tests/013.test.mjs	144407.481473000	144526.916009000	0.119434536
prefix-stability/tests/014.test.mjs	144529.180108000	144941.812512000	0.412632404
prefix-stability/tests/015.test.mjs	144944.392398000	145243.772088000	0.299379690
process-execution/tests/001.test.mjs	145245.995732000	145410.408538000	0.164412806
process-execution/tests/002.test.mjs	145412.494183000	147517.783687000	2.105289504
process-execution/tests/003.test.mjs	147519.855991000	147683.260491000	0.163404500
process-execution/tests/004.test.mjs	147685.542967000	148907.036368000	1.221493401
process-execution/tests/005.test.mjs	148612.880311000	148883.913851000	0.271033540
process-execution/tests/006.test.mjs	148885.700728000	151035.354131000	2.149653403
process-execution/tests/007.test.mjs	148908.864382000	149099.413481000	0.190549099
process-execution/tests/008.test.mjs	149101.372282000	149171.930650000	0.070558368
process-execution/tests/009.test.mjs	149173.731637000	149277.359798000	0.103628161
process-execution/tests/010.test.mjs	149279.237431000	149570.851085000	0.291613654
process-execution/tests/011.test.mjs	149572.592187000	149895.897598000	0.323305411
process-execution/tests/012.test.mjs	149897.705277000	149983.308493000	0.085603216
process-execution/tests/013.test.mjs	149985.251000000	150308.059471000	0.322808471
process-execution/tests/014.test.mjs	150309.973935000	150622.569172000	0.312595237
process-execution/tests/015.test.mjs	150624.299008000	151115.332677000	0.491033669
process-execution/tests/016.test.mjs	151037.488208000	151147.869635000	0.110381427
provider-attempt-recovery/tests/001.test.mjs	151120.145499000	151407.051558000	0.286906059
provider-attempt-recovery/tests/002.test.mjs	151150.073412000	151435.655254000	0.285581842
provider-attempt-recovery/tests/003.test.mjs	151409.358667000	151900.658979000	0.491300312
provider-attempt-recovery/tests/004.test.mjs	151437.871174000	151897.758037000	0.459886863
provider-attempt-recovery/tests/005.test.mjs	151899.823426000	152597.560319000	0.697736893
provider-attempt-recovery/tests/006.test.mjs	151902.622789000	151978.311619000	0.075688830
provider-attempt-recovery/tests/007.test.mjs	151980.195853000	152285.081547000	0.304885694
provider-attempt-recovery/tests/008.test.mjs	152286.950669000	152438.413002000	0.151462333
provider-attempt-recovery/tests/009.test.mjs	152440.524354000	152720.238194000	0.279713840
provider-attempt-recovery/tests/010.test.mjs	152599.675277000	152705.047600000	0.105372323
provider-attempt-recovery/tests/011.test.mjs	152707.094049000	153040.171646000	0.333077597
provider-attempt-recovery/tests/012.test.mjs	152722.336191000	152880.706323000	0.158370132
provider-attempt-recovery/tests/013.test.mjs	152882.740479000	152967.031651000	0.084291172
provider-attempt-recovery/tests/014.test.mjs	152969.308263000	153365.608020000	0.396299757
provider-attempt-recovery/tests/015.test.mjs	153042.424142000	153355.008874000	0.312584732
provider-attempt-recovery/tests/016.test.mjs	153357.247078000	153456.934970000	0.099687892
provider-attempt-recovery/tests/017.test.mjs	153368.853417000	153466.064265000	0.097210848
provider-attempt-recovery/tests/018.test.mjs	153459.120330000	153499.616026000	0.040495696
provider-attempt-recovery/tests/019.test.mjs	153468.107660000	153825.803946000	0.357696286
provider-attempt-recovery/tests/020.test.mjs	153501.838446000	153804.244523000	0.302406077
provider-attempt-recovery/tests/021.test.mjs	153806.449998000	154316.144478000	0.509694480
provider-attempt-recovery/tests/022.test.mjs	153827.662331000	153893.572040000	0.065909709
provider-attempt-recovery/tests/023.test.mjs	153894.833337000	154378.872621000	0.484039284
provider-language/tests/001.test.mjs	154319.523066000	154411.998869000	0.092475803
provider-language/tests/002.test.mjs	154381.269575000	154495.734926000	0.114465351
provider-language/tests/003.test.mjs	154414.035799000	154526.208659000	0.112172860
provider-language/tests/004.test.mjs	154498.045876000	154614.156675000	0.116110799
provider-language/tests/005.test.mjs	154528.359061000	154678.336167000	0.149977106
provider-language/tests/006.test.mjs	154616.148272000	154721.301162000	0.105152890
provider-language/tests/007.test.mjs	154680.572753000	154781.033290000	0.100460537
provider-language/tests/008.test.mjs	154723.878269000	154897.882175000	0.174003906
provider-language/tests/009.test.mjs	154783.544261000	154989.919798000	0.206375537
provider-language/tests/010.test.mjs	154901.628210000	154948.344616000	0.046716406
provider-language/tests/011.test.mjs	154950.718991000	155011.996020000	0.061277029
provider-language/tests/012.test.mjs	154992.093014000	155042.531594000	0.050438580
provider-language/tests/013.test.mjs	155014.077127000	155731.311066000	0.717233939
provider-projection/tests/001.test.mjs	155044.961953000	155127.493631000	0.082531678
provider-projection/tests/002.test.mjs	155130.497774000	155225.534773000	0.095036999
provider-projection/tests/003.test.mjs	155227.880410000	155454.834594000	0.226954184
provider-projection/tests/004.test.mjs	155457.119709000	155540.592105000	0.083472396
provider-projection/tests/005.test.mjs	155542.930676000	155674.548985000	0.131618309
provider-projection/tests/006.test.mjs	155677.578676000	155768.424056000	0.090845380
provider-projection/tests/007.test.mjs	155733.755758000	155793.843193000	0.060087435
provider-projection/tests/008.test.mjs	155770.621489000	155939.304739000	0.168683250
provider-projection/tests/009.test.mjs	155796.203868000	155952.222738000	0.156018870
provider-projection/tests/010.test.mjs	155941.285895000	156185.301067000	0.244015172
provider-projection/tests/011.test.mjs	155955.428335000	166101.172275000	10.145743940
provider-projection/tests/012.test.mjs	156187.902601000	156297.744126000	0.109841525
provider-projection/tests/013.test.mjs	156299.788637000	156441.805439000	0.142016802
provider-projection/tests/014.test.mjs	156443.899366000	156682.363163000	0.238463797
relay-assessment/tests/001.test.mjs	156684.213452000	156778.843134000	0.094629682
relay-assessment/tests/002.test.mjs	156781.121338000	159394.907799000	2.613786461
relay-assessment/tests/003.test.mjs	159397.156439000	159469.845925000	0.072689486
relay-assessment/tests/004.test.mjs	159471.881413000	159537.049345000	0.065167932
relay-assessment/tests/005.test.mjs	159538.944065000	159620.892592000	0.081948527
relay-assessment/tests/006.test.mjs	159623.000059000	160957.574150000	1.334574091
relay-assessment/tests/007.test.mjs	160959.899947000	162357.541610000	1.397641663
relay-assessment/tests/008.test.mjs	162360.179319000	164355.265879000	1.995086560
relay-assessment/tests/009.test.mjs	164357.724744000	164407.851214000	0.050126470
relay-assessment/tests/010.test.mjs	164410.209727000	164497.378315000	0.087168588
relay-context-projection/tests/001.test.mjs	164499.713174000	166008.508067000	1.508794893
relay-context-projection/tests/002.test.mjs	166011.511686000	168678.813051000	2.667301365
relay-context-projection/tests/003.test.mjs	166104.041185000	166144.672461000	0.040631276
relay-context-projection/tests/004.test.mjs	166146.787465000	166185.094067000	0.038306602
relay-context-projection/tests/005.test.mjs	166190.062824000	167696.607540000	1.506544716
relay-context-projection/tests/006.test.mjs	167698.885586000	169220.090304000	1.521204718
relay-context-projection/tests/007.test.mjs	168680.762150000	168718.849500000	0.038087350
relay-context-projection/tests/008.test.mjs	168721.058388000	170237.379077000	1.516320689
relay-context-projection/tests/009.test.mjs	169222.665320000	169270.882321000	0.048217001
relay-incumbency/tests/001.test.mjs	169272.830017000	169348.091206000	0.075261189
relay-incumbency/tests/002.test.mjs	169350.406900000	169422.513407000	0.072106507
relay-incumbency/tests/003.test.mjs	169424.613770000	169493.318455000	0.068704685
relay-incumbency/tests/004.test.mjs	169495.344896000	169581.529712000	0.086184816
relay-incumbency/tests/005.test.mjs	169583.552212000	169653.416507000	0.069864295
relay-incumbency/tests/006.test.mjs	169655.542233000	169728.573830000	0.073031597
relay-incumbency/tests/008.test.mjs	169731.854152000	169833.253520000	0.101399368
relay-incumbency/tests/009.test.mjs	169840.315039000	169914.093245000	0.073778206
relay-incumbency/tests/010.test.mjs	169916.175275000	170002.813621000	0.086638346
relay-incumbency/tests/011.test.mjs	170005.324665000	170086.557104000	0.081232439
relay-incumbency/tests/012.test.mjs	170088.573093000	170163.469327000	0.074896234
relay-incumbency/tests/013.test.mjs	170165.836793000	170270.513324000	0.104676531
relay-retirement/tests/001.test.mjs	170240.359786000	170288.152295000	0.047792509
relay-retirement/tests/002.test.mjs	170272.648275000	171745.897128000	1.473248853
relay-retirement/tests/003.test.mjs	170290.485825000	171883.333157000	1.592847332
relay-retirement/tests/004.test.mjs	171747.982206000	173341.750512000	1.593768306
relay-retirement/tests/007.test.mjs	171885.716886000	171991.235319000	0.105518433
relay-retirement/tests/008.test.mjs	171992.102515000	174744.265646000	2.752163131
relay-retirement/tests/009.test.mjs	173344.091116000	174034.400171000	0.690309055
repository-investigation/tests/001.test.mjs	174036.570303000	174077.543470000	0.040973167
repository-investigation/tests/002.test.mjs	174079.270787000	174210.168760000	0.130897973
repository-investigation/tests/003.test.mjs	174212.894306000	174252.906166000	0.040011860
repository-investigation/tests/004.test.mjs	174255.375069000	174297.580946000	0.042205877
repository-investigation/tests/005.test.mjs	174298.708411000	174343.056437000	0.044348026
repository-investigation/tests/006.test.mjs	174345.299363000	174458.644651000	0.113345288
repository-investigation/tests/007.test.mjs	174460.717615000	174557.509679000	0.096792064
repository-investigation/tests/008.test.mjs	174559.891150000	174663.988333000	0.104097183
repository-investigation/tests/009.test.mjs	174666.562746000	174917.554976000	0.250992230
repository-programming/tests/001.test.mjs	174748.648753000	174950.758020000	0.202109267
repository-programming/tests/002.test.mjs	174920.082718000	175353.664256000	0.433581538
repository-programming/tests/003.test.mjs	174952.856694000	175101.426307000	0.148569613
repository-programming/tests/004.test.mjs	175104.106149000	175218.901094000	0.114794945
repository-programming/tests/005.test.mjs	175221.564291000	175387.096653000	0.165532362
repository-programming/tests/006.test.mjs	175356.071441000	175703.725032000	0.347653591
repository-programming/tests/007.test.mjs	175389.265472000	175681.989041000	0.292723569
repository-programming/tests/008.test.mjs	175684.186700000	175809.540630000	0.125353930
repository-programming/tests/009.test.mjs	175705.837166000	175825.881107000	0.120043941
repository-programming/tests/010.test.mjs	175811.650940000	175955.552710000	0.143901770
repository-programming/tests/011.test.mjs	175827.960556000	176114.534002000	0.286573446
repository-programming/tests/012.test.mjs	175957.780038000	176239.938959000	0.282158921
repository-programming/tests/013.test.mjs	176116.754109000	176394.523512000	0.277769403
repository-programming/tests/014.test.mjs	176242.414012000	176519.999958000	0.277585946
repository-programming/tests/015.test.mjs	176396.904001000	176683.975224000	0.287071223
repository-programming/tests/016.test.mjs	176522.055691000	176836.770122000	0.314714431
repository-programming/tests/017.test.mjs	176686.482295000	176839.691174000	0.153208879
repository-programming/tests/018.test.mjs	176838.879677000	177104.741681000	0.265862004
repository-programming/tests/019.test.mjs	176841.512687000	177113.381379000	0.271868692
repository-programming/tests/020.test.mjs	177106.546690000	177460.874368000	0.354327678
repository-programming/tests/021.test.mjs	177115.308247000	177160.493464000	0.045185217
repository-programming/tests/022.test.mjs	177162.619645000	177284.636429000	0.122016784
repository-programming/tests/023.test.mjs	177286.582897000	177495.139928000	0.208557031
repository-programming/tests/024.test.mjs	177463.823566000	177715.183829000	0.251360263
repository-programming/tests/025.test.mjs	177497.085110000	177767.251828000	0.270166718
repository-programming/tests/026.test.mjs	177717.767235000	177823.015094000	0.105247859
repository-programming/tests/027.test.mjs	177769.247565000	177890.373858000	0.121126293
requirement-grounding/tests/001.test.mjs	177825.266883000	177896.164544000	0.070897661
requirement-grounding/tests/002.test.mjs	177892.602598000	177968.901650000	0.076299052
requirement-grounding/tests/003.test.mjs	177898.056199000	177966.292090000	0.068235891
requirement-grounding/tests/004.test.mjs	177968.171436000	178036.312748000	0.068141312
requirement-grounding/tests/005.test.mjs	177970.776325000	178335.577324000	0.364800999
requirement-grounding/tests/006.test.mjs	178038.638420000	180310.124742000	2.271486322
requirement-grounding/tests/007.test.mjs	178341.607592000	202557.572755000	24.215965163
requirement-grounding/tests/008.test.mjs	180312.230907000	181908.531524000	1.596300617
requirement-grounding/tests/009.test.mjs	181911.894891000	182262.571793000	0.350676902
requirement-grounding/tests/010.test.mjs	182264.810899000	182625.713036000	0.360902137
requirement-grounding/tests/011.test.mjs	182627.870779000	187147.045430000	4.519174651
requirement-grounding/tests/012.test.mjs	187149.592697000	193797.911651000	6.648318954
requirement-system/tests/001.test.mjs	193800.709391000	193853.674937000	0.052965546
requirement-system/tests/004.test.mjs	193856.054420000	193911.136300000	0.055081880
requirement-system/tests/005.test.mjs	193913.280087000	193961.750820000	0.048470733
requirement-system/tests/006.test.mjs	193963.125238000	194015.350955000	0.052225717
requirement-system/tests/007.test.mjs	194018.277781000	194060.065769000	0.041787988
requirement-system/tests/008.test.mjs	194062.454896000	194109.236776000	0.046781880
requirement-system/tests/011.test.mjs	194110.501609000	194155.632993000	0.045131384
requirement-system/tests/017.test.mjs	194157.738997000	195344.669366000	1.186930369
requirement-system/tests/018.test.mjs	195347.320775000	195399.422213000	0.052101438
semantic-trace/tests/001.test.mjs	195401.727850000	195702.574884000	0.300847034
semantic-trace/tests/002.test.mjs	195704.692245000	196160.068278000	0.455376033
semantic-trace/tests/003.test.mjs	196162.267013000	196530.967269000	0.368700256
semantic-trace/tests/004.test.mjs	196533.099678000	196774.284857000	0.241185179
semantic-trace/tests/005.test.mjs	196777.858821000	197018.470913000	0.240612092
semantic-trace/tests/006.test.mjs	197021.492672000	197237.347659000	0.215854987
semantic-trace/tests/007.test.mjs	197239.551101000	197726.002068000	0.486450967
semantic-trace/tests/008.test.mjs	197729.541596000	197776.427652000	0.046886056
semantic-trace/tests/009.test.mjs	197779.930689000	198033.670732000	0.253740043
semantic-trace/tests/010.test.mjs	198035.938901000	198379.028380000	0.343089479
semantic-trace/tests/011.test.mjs	198381.062867000	198422.934681000	0.041871814
semantic-trace/tests/012.test.mjs	198425.812623000	198470.065083000	0.044252460
session-ontology/tests/001.test.mjs	198472.043705000	198564.900099000	0.092856394
session-ontology/tests/002.test.mjs	198569.502864000	198663.990044000	0.094487180
session-ontology/tests/003.test.mjs	198669.142545000	198751.547436000	0.082404891
session-ontology/tests/004.test.mjs	198753.786251000	198829.732625000	0.075946374
session-ontology/tests/005.test.mjs	198831.846447000	198906.127713000	0.074281266
session-ontology/tests/006.test.mjs	198908.347920000	199060.141588000	0.151793668
session-ontology/tests/007.test.mjs	199062.492163000	199151.185847000	0.088693684
session-ontology/tests/008.test.mjs	199157.284459000	199265.177100000	0.107892641
session-ontology/tests/009.test.mjs	199267.920399000	199373.410736000	0.105490337
session-ontology/tests/010.test.mjs	199376.045870000	199444.933306000	0.068887436
session-ontology/tests/011.test.mjs	199447.293034000	199490.211637000	0.042918603
session-ontology/tests/012.test.mjs	199492.347147000	199558.705237000	0.066358090
session-ontology/tests/014.test.mjs	199565.219547000	199613.658542000	0.048438995
speculative-investigation/tests/001.test.mjs	199615.793380000	199886.433388000	0.270640008
speculative-investigation/tests/002.test.mjs	199889.178078000	200639.849812000	0.750671734
speculative-investigation/tests/003.test.mjs	200642.485457000	200885.323941000	0.242838484
speculative-investigation/tests/004.test.mjs	200888.208172000	201295.882089000	0.407673917
speculative-investigation/tests/005.test.mjs	201299.550512000	201697.701220000	0.398150708
speculative-investigation/tests/006.test.mjs	201699.843003000	202120.536768000	0.420693765
speculative-investigation/tests/007.test.mjs	202126.880461000	202482.537658000	0.355657197
speculative-investigation/tests/008.test.mjs	202483.485181000	202820.390985000	0.336905804
speculative-investigation/tests/009.test.mjs	202560.491709000	204150.000422000	1.589508713
speculative-investigation/tests/010.test.mjs	202822.757093000	203026.882167000	0.204125074
speculative-investigation/tests/011.test.mjs	203028.815432000	203741.542879000	0.712727447
speculative-investigation/tests/012.test.mjs	203741.792998000	204462.115006000	0.720322008
speculative-investigation/tests/013.test.mjs	204153.325112000	208150.543278000	3.997218166
speculative-investigation/tests/014.test.mjs	204463.221234000	204643.618258000	0.180397024
speculative-investigation/tests/015.test.mjs	204645.982960000	205708.506429000	1.062523469
speculative-investigation/tests/016.test.mjs	205711.039206000	206403.240568000	0.692201362
speculative-investigation/tests/020.test.mjs	206405.917447000	206801.027375000	0.395109928
sphinx-v2/tests/001.test.mjs	206803.355653000	207097.287596000	0.293931943
sphinx-v2/tests/002.test.mjs	207099.145107000	207207.424936000	0.108279829
sphinx-v2/tests/004.test.mjs	207209.984553000	207474.580476000	0.264595923
sphinx-v2/tests/007.test.mjs	207476.667894000	207774.871355000	0.298203461
sphinx-v2/tests/010.test.mjs	207778.535469000	208426.970292000	0.648434823
sphinx-v2/tests/011.test.mjs	208153.018813000	208447.659039000	0.294640226
sphinx-v2/tests/012.test.mjs	208428.938534000	208474.322711000	0.045384177
sphinx-v2/tests/013.test.mjs	208449.764274000	208535.883158000	0.086118884
sphinx-v2/tests/014.test.mjs	208476.227013000	208578.470338000	0.102243325
sphinx-v2/tests/017.test.mjs	208538.548461000	208915.326792000	0.376778331
sphinx-v2/tests/018.test.mjs	208586.314486000	208688.500760000	0.102186274
sphinx-v2/tests/019.test.mjs	208690.880251000	209557.213482000	0.866333231
sphinx-v2/tests/020.test.mjs	208918.239604000	209448.780220000	0.530540616
sphinx-v2/tests/021.test.mjs	209450.565621000	209540.732129000	0.090166508
sphinx-v2/tests/022.test.mjs	209543.192938000	209581.242332000	0.038049394
sphinx-v2/tests/023.test.mjs	209559.502745000	209657.647414000	0.098144669
sphinx-v2/tests/025.test.mjs	209583.540609000	209685.302817000	0.101762208
sphinx-v2/tests/026.test.mjs	209659.698057000	209766.059514000	0.106361457
sphinx-v2/tests/029.test.mjs	209687.222833000	209784.323302000	0.097100469
sphinx-v2/tests/033.test.mjs	209768.431443000	211388.864957000	1.620433514
sphinx-v2/tests/034.test.mjs	209787.528401000	209892.966246000	0.105437845
sphinx-v2/tests/036.test.mjs	209895.121271000	212149.859941000	2.254738670
structured-workflow/tests/003.test.mjs	211391.558560000	211510.116018000	0.118557458
structured-workflow/tests/004.test.mjs	211512.267787000	211642.155237000	0.129887450
structured-workflow/tests/005.test.mjs	211644.221982000	212056.275136000	0.412053154
structured-workflow/tests/006.test.mjs	212059.560368000	212416.705346000	0.357144978
structured-workflow/tests/009.test.mjs	212152.233435000	212249.025294000	0.096791859
structured-workflow/tests/010.test.mjs	212251.084593000	212742.456662000	0.491372069
structured-workflow/tests/011.test.mjs	212418.644368000	212620.253310000	0.201608942
structured-workflow/tests/012.test.mjs	212622.350747000	214479.681741000	1.857330994
structured-workflow/tests/013.test.mjs	212744.747381000	212938.429323000	0.193681942
structured-workflow/tests/014.test.mjs	212940.938837000	214222.490327000	1.281551490
structured-workflow/tests/015.test.mjs	214225.012541000	214332.881498000	0.107868957
structured-workflow/tests/016.test.mjs	214335.402740000	214388.087435000	0.052684695
structured-workflow/tests/018.test.mjs	214390.397272000	214429.709978000	0.039312706
structured-workflow/tests/019.test.mjs	214431.922549000	214493.075131000	0.061152582
time-capability/tests/001.test.mjs	214482.865004000	214574.186121000	0.091321117
time-capability/tests/002.test.mjs	214496.513680000	214550.358374000	0.053844694
time-capability/tests/003.test.mjs	214552.793445000	214661.130922000	0.108337477
time-capability/tests/004.test.mjs	214576.055758000	214755.581816000	0.179526058
time-capability/tests/005.test.mjs	214663.296136000	214758.746627000	0.095450491
time-capability/tests/006.test.mjs	214757.799830000	214871.148903000	0.113349073
time-capability/tests/007.test.mjs	214760.652453000	214860.927363000	0.100274910
time-capability/tests/008.test.mjs	214863.130505000	215004.843620000	0.141713115
verification-system/tests/002.test.mjs	214873.403072000	214924.409964000	0.051006892
verification-system/tests/003.test.mjs	214926.570761000	215215.344652000	0.288773891
verification-system/tests/004.test.mjs	215007.024818000	215099.145929000	0.092121111
verification-system/tests/005.test.mjs	215101.278714000	218221.684326000	3.120405612
verification-system/tests/006.test.mjs	215217.737435000	230355.163056000	15.137425621
verification-system/tests/007.test.mjs	218223.557258000	218702.372867000	0.478815609
verification-system/tests/008.test.mjs	218704.232469000	221664.318676000	2.960086207
verification-system/tests/009.test.mjs	221666.408396000	224768.906880000	3.102498484
verification-system/tests/010.test.mjs	224770.789637000	224997.275313000	0.226485676
verification-system/tests/011.test.mjs	224999.260615000	227426.234744000	2.426974129
verification-system/tests/012.test.mjs	227428.017890000	227471.632058000	0.043614168
verification-system/tests/014.test.mjs	227474.298510000	227737.325334000	0.263026824
verification-system/tests/015.test.mjs	227740.414880000	227800.504785000	0.060089905
verification-system/tests/016.test.mjs	227802.425404000	296406.649324000	68.604223920
verification-system/tests/017.test.mjs	230356.957475000	231656.120031000	1.299162556
verification-system/tests/018.test.mjs	231657.069652000	231768.226027000	0.111156375
verification-system/tests/020.test.mjs	231770.408979000	231832.679280000	0.062270301
verification-system/tests/021.test.mjs	231834.851280000	233784.471947000	1.949620667
work-record/tests/001.test.mjs	233786.468887000	234198.628564000	0.412159677
work-record/tests/002.test.mjs	234200.987942000	234582.613861000	0.381625919
work-record/tests/003.test.mjs	234582.876363000	234860.727247000	0.277850884
work-record/tests/004.test.mjs	234863.239301000	235880.542289000	1.017302988
work-record/tests/005.test.mjs	235883.535395000	236241.271468000	0.357736073
work-record/tests/006.test.mjs	236243.486542000	236568.499077000	0.325012535
work-record/tests/007.test.mjs	236573.552928000	237216.884606000	0.643331678
work-record/tests/008.test.mjs	237219.643067000	237513.143605000	0.293500538
work-record/tests/009.test.mjs	237515.244261000	237737.260934000	0.222016673
work-record/tests/010.test.mjs	237739.331434000	238071.131586000	0.331800152
work-record/tests/011.test.mjs	238073.357242000	238477.483557000	0.404126315
work-record/tests/012.test.mjs	238479.781457000	238558.804226000	0.079022769
work-record/tests/013.test.mjs	238561.504678000	238750.404263000	0.188899585
work-record/tests/014.test.mjs	238752.466611000	238937.246662000	0.184780051
work-record/tests/015.test.mjs	238939.185654000	239347.945711000	0.408760057
work-record/tests/016.test.mjs	239349.991564000	239752.158276000	0.402166712
work-record/tests/017.test.mjs	239754.923397000	239794.732019000	0.039808622
