    1     0     1 Ss  
  323     1   323 Ss  
  325     1   325 Ss  
  327     1   327 Ss  
  328     1   328 Ss  
  331     1   331 Ss  
  335     1   335 Ss  
  337     1   337 Ss  
  338     1   338 Ss  
  342     1   342 Ss  
  346     1   346 Ss  
  348     1   348 Ss  
  352     1   352 Ss  
  354     1   354 Ss  
  355     1   355 Ss  
  359     1   359 Ss  
  361     1   361 Ss  
  362     1   362 Ss  
  363     1   363 Ss  
  364     1   364 Ss  
  365     1   365 Ss  
  366     1   366 Ss  
  367     1   367 Ss  
  368     1   368 Ss  
  369     1   369 Ss  
  371     1   371 Ss  
  372     1   372 Ss  
  374     1   374 Ss  
  375     1   375 Ss  
  376     1   376 Ss  
  378     1   378 Ss  
  382     1   382 Ss  
  383     1   383 Ss  
  384     1   384 Ss  
  388     1   388 Ss  
  389     1   389 Ss  
  391     1   391 Ss  
  392     1   392 Ss  
  393     1   393 Ss  
  396     1   396 Rs  
  397     1   397 Ss  
  398     1   398 Ss  
  399     1   399 Ss  
  401     1   401 Ss  
  404     1   404 Ss  
  405     1   405 Ss  
  406     1   406 Ss  
  407     1   407 Ss  
  411     1   411 Ss  
  413     1   413 Ss  
  415     1   415 Ss  
  416     1   416 Ss  
  419     1   419 Ss  
  420     1   420 Ss  
  428     1   428 S   
  431     1   431 Ss  
  432     1   432 S   
  433     1   433 Ss  
  436     1   436 S   
  465     1   465 Ss  
  478     1   478 Ss  
  483     1   483 Ss  
  488     1   488 Ss  
  498     1   498 Ss  
  499     1   499 Ss  
  506     1   506 Ss  
  507     1   507 Ss  
  511     1   511 S   
  512     1   512 Ss  
  513     1   513 Ss  
  525     1   525 Ss  
  527     1   527 Ss  
  529     1   529 Ss  
  530     1   530 Ss  
  531     1   531 Ss  
  535     1   535 S   
  537     1   537 Ss  
  546     1   546 S   
  551     1   551 Ss  
  552     1   552 Ss  
  553     1   553 Ss  
  554     1   554 Ss  
  556     1   556 Ss  
  557     1   557 Ss  
  558     1   558 Ss  
  559     1   559 Ss  
  560     1   560 S   
  561     1   561 Ss  
  562     1   562 Ss  
  569     1   569 Ss  
  575     1   575 S   
  580     1   580 Ss  
  591     1   591 Ss  
  593     1   593 S   
  595     1   595 S   
  598     1   598 S   
  599     1   599 S   
  605     1   605 S   
  608     1   608 S   
  610     1   610 S   
  611     1   611 S   
  612     1   612 S   
  613     1   613 S   
  616     1   616 S   
  617     1   617 Ss  
  623     1   623 S   
  624     1   624 S   
  626     1   626 S   
  628     1   628 S   
  629     1   629 S   
  630     1   630 S   
  631     1   631 S   
  632     1   632 S   
  634     1   634 S   
  635     1   635 S   
  637     1   637 S   
  638     1   638 S   
  639     1   639 S   
  640     1   640 S   
  641     1   641 S   
  643     1   643 S   
  644     1   644 S   
  647     1   647 S   
  653     1   653 Ss  
  654     1   654 S   
  657     1   657 S   
  658     1   658 S   
  659     1   659 S   
  660     1   660 S   
  662     1   662 S   
  663     1   663 S   
  664     1   664 S   
  666     1   666 S   
  667     1   667 S   
  669     1   669 S   
  671     1   671 S   
  675     1   675 S   
  679     1   679 S   
  684     1   684 S   
  685     1   685 Ss  
  687     1   687 S   
  688     1   688 Ss  
  689     1   689 S   
  691     1   691 Ss  
  692     1   692 S   
  696     1   696 S   
  697     1   697 S   
  698     1   698 S   
  699     1   699 S   
  700     1   700 S   
  705     1   705 S   
  706     1   706 S   
  708     1   708 S   
  709     1   709 S   
  710     1   710 S   
  711     1   711 S   
  713     1   713 S   
  714     1   714 S   
  718     1   718 S   
  719     1   719 S   
  721     1   721 S   
  722     1   722 S   
  725     1   725 S   
  726     1   726 S   
  727     1   727 R   
  731     1   731 S   
  732     1   732 S   
  733     1   733 Ss  
  734     1   734 Ss  
  738     1   738 S   
  740     1   740 Ss  
  743     1   743 S   
  744     1   744 S   
  753     1   753 Ss  
  756     1   756 Ss  
  763     1   763 Ss  
  764     1   764 S   
  767     1   767 S   
  776     1   776 Ss  
  777     1   777 Ss  
  778     1   778 S   
  779     1   779 Ss  
  780     1   780 Ss  
  781     1   781 Ss  
  783     1   783 S   
  789     1   789 S   
  796     1   796 Ss  
  803     1   802 S   
  805     1   805 Ss  
  806     1   806 Ss  
  808     1   808 Ss  
  809     1   809 S   
  816     1   816 Ss  
  820     1   820 S   
  824     1   824 S   
  825     1   825 Ss  
  839     1   839 Ss  
  851     1   851 Ss  
  853     1   853 Ss  
  861     1   861 Ss  
  863     1   863 Ss  
  866     1   865 S   
  868     1   868 Ss  
  873     1   873 S   
  876   660   660 S   
  879   660   660 S   
  893   660   660 S   
  901     1   901 Ss  
  904     1   904 Ss  
  905     1   905 S   
  906     1   906 S   
  907     1   907 Ss  
  908     1   908 Ss  
  917     1   917 Ss  
  925     1   925 Ss  
  929     1   929 Ss  
  941     1   941 S   
  943     1   943 S   
  944     1   944 Ss  
  947     1   947 Ss  
  948     1   948 Ss  
  970     1   970 Ss  
  973   666   666 S   
  974   666   666 S   
  975     1   975 Ss  
  977   666   666 S   
  985     1   985 Ss  
  986     1   986 Ss  
  987     1   987 S   
 1000     1  1000 Ss  
 1009     1  1009 S   
 1010     1  1010 Ss  
 1020     1  1020 SN  
 1022     1  1019 S   
 1025     1  1025 Ss  
 1030     1  1030 S   
 1032   660   660 S   
 1035     1  1035 Ss  
 1038     1  1038 Ss  
 1040     1  1040 Ss  
 1041     1  1041 Ss  
 1044     1  1044 S   
 1045     1  1045 S   
 1061     1  1061 S   
 1080     1  1080 S   
 1081     1  1081 Ss  
 1089     1  1089 Ss  
 1095     1  1095 Ss  
 1097     1  1096 S   
 1098   647   647 S   
 1099   657   657 S   
 1100   696   696 S   
 1101   696   696 S   
 1102   647   647 S   
 1105     1  1105 S   
 1106  1099   657 S   
 1107  1099   657 S   
 1109     1  1109 S   
 1110     1  1110 Ss  
 1113   647   647 S   
 1126     1  1126 S   
 1164     1  1164 S   
 1166     1  1166 SNs 
 1167     1  1167 Ss  
 1177   698   698 S   
 1178   698   698 S   
 1179   698   698 S   
 1188     1  1188 Ss  
 1189     1  1189 Ss  
 1190     1  1190 Ss  
 1191     1  1191 Ss  
 1192     1  1192 Ss  
 1193     1  1193 Ss  
 1197     1  1197 S   
 1200   696   696 S   
 1233   647   647 S   
 1235     1  1235 S   
 1237     1  1237 Ss  
 1244   696   696 S   
 1245   696   696 S   
 1271     1  1271 Ss  
 1289   696   696 S   
 1290   696   696 S   
 1291   647   647 S   
 1292  1289   696 S   
 1293  1290   696 S   
 1361   647   647 S   
 1363   647   647 S   
 1365   647   647 S   
 1366   647   647 S   
 1370     1  1370 S   
 1382     1  1382 S   
 1390  1290   696 S   
 1420   647   647 S   
 1425   647   647 S   
 1432   647   647 S   
 1434   647   647 S   
 1435   647   647 S   
 1436   647   647 S   
 1437   647   647 S   
 1454   684  1454 Ss  
 1688     1  1688 Ss  
 1709     1  1709 Ss  
 1726     1  1726 S   
 1731     1  1731 S   
 1734     1  1734 S   
 1738     1  1738 S   
 1739     1  1739 S   
 1740     1  1740 S   
 1741     1  1741 S   
 1742     1  1742 S   
 1744     1  1744 Ss  
 1745     1  1745 S   
 1746     1  1746 S   
 1747     1  1747 S   
 1752     1  1751 S   
 1757  1745  1745 S   
 1774     1  1774 S   
 1776     1  1776 S   
 1777     1  1777 S   
 1787     1  1787 S   
 1790     1  1790 S   
 1828     1  1827 S   
 1838     1  1838 Ss  
 1839     1  1839 Ss  
 1840     1  1840 Ss  
 1851     1  1851 Ss  
 1856     1  1856 Ss  
 1860  1745  1745 S   
 1861  1745  1745 S   
 1875     1  1875 Ss  
 1879     1  1878 S   
 1921     1  1921 S   
 2075   647   647 S   
 2076   660   660 S   
 2077   331   331 S   
 2078   660   660 S   
 2079   660   660 S   
 2085     1  2085 S   
 2091   660   660 S   
 2096     1  2096 S   
 2099     1  2099 Ss  
 2102     1  2102 Ss  
 2103   647   647 S   
 2104   647   647 S   
 2105   647   647 S   
 2116   647   647 S   
 2117   647   647 S   
 2119   647   647 S   
 2120   647   647 S   
 2123   660   660 S   
 2132   660   660 S   
 2135   660   660 S   
 2139  1745  1745 S   
 2157   660   660 S   
 2158   660   660 S   
 2170  1745  1745 S   
 2174  1745  1745 S   
 2207     1  2207 Ss  
 2230   660   660 S   
 2243     1  2243 Ss  
 2363     1  2363 Ss  
 2364     1  2364 Ss  
 2369     1  2369 S   
 2404   647   647 S   
 2405   647   647 S   
 2531   647   647 S   
 2533   647   647 S   
 2541   647   647 S   
 2556   647   647 S   
 2567   647   647 S   
 2568   647   647 S   
 2570   647   647 S   
 2578   647   647 S   
 2594   647   647 S   
 2597   647   647 S   
 2606   647   647 S   
 2627   647   647 S   
 2628   647   647 S   
 2629   647   647 S   
 2630   647   647 S   
 4706   660   660 S   
 6647     1  6647 Ss  
 6790     1  6790 S   
 6861     1  6861 Ss  
 6931     1  6931 S   
 6934     1  6934 S   
 6953     1  6953 S   
 6963     1  6963 Ss  
 7137     1  7137 Ss  
 7142     1  7142 S   
 7152     1  7152 S   
 7154     1  7154 S   
 7157     1  7157 S   
 7158     1  7158 S   
 7240   660   660 S   
 7664     1  7664 Ss  
 7675     1  7675 S   
 7676     1  7676 S   
 7677     1  7677 S   
 7678     1  7678 S   
 7686     1  7686 S   
 7688     1  7688 S   
 7690     1  7690 S   
 7696     1  7696 Ss  
 7699     1  7699 S   
 7701     1  7701 Ss  
 7705     1  7705 Ss  
 7711     1  7711 S   
 7715     1  7715 S   
 7825     1  7825 Ss  
 7826     1  7826 Ss  
 7845     1  7845 Ss  
 7861     1  7861 S   
 7913     1  7913 Ss  
 7916     1  7916 S   
 7918     1  7918 S   
 7919     1  7919 S   
 8131     1  8131 S   
 8132     1  8132 S   
 8292     1  8292 Ss  
 8297     1  8297 S   
 8979 41132  8979 S   
 8980 41132  8980 S   
 8981 41132  8981 S   
 8982 41132  8982 S   
 8983  8982  8982 S   
 9458     1  9458 S   
 9459     1  9459 S   
 9475     1  9475 S   
 9476     1  9476 S   
 9477     1  9477 S   
 9478     1  9478 S   
 9499     1  9499 S   
 9500     1  9500 S   
14188     1 14188 Ss  
14189     1 14189 Ss  
14190     1 14190 Ss  
14193     1 14193 Ss  
14194     1 14194 Ss  
14195     1 14195 Ss  
14252 41026 41026 S   
14297     1 14297 S   
14300     1 14300 Ss  
14303     1 14303 Ss  
14386     1 14386 Ss  
14428   647   647 S   
14544   647   647 S   
14744     1 14744 Ss  
14864     1 14864 Ss  
14866     1 14866 Ss  
15264     1 15264 Ss  
15931     1 15931 Ss  
16194     1 16194 Ss  
16195     1 16195 Ss  
16301     1 16301 S   
16302     1 16302 S   
16303     1 16303 S   
16315     1 16315 Ss  
16316     1 16316 S   
16317     1 16317 S   
16318     1 16318 Ss  
16319     1 16319 S   
16320     1 16320 S   
16321     1 16321 S   
16322     1 16322 Ss  
16390     1 16390 S   
16391     1 16391 S   
16432     1 16432 S   
16433     1 16433 S   
16439     1 16439 S   
16613     1 16613 Ss  
16634     1 16634 Ss  
16641     1 16641 Ss  
16713     1 16713 Ss  
16778     1 16778 S   
20825     1 20825 Ss  
20833   660   660 S   
23521     1 23521 S   
23545     1 23545 Ss  
23562   657   657 S   
23563   657   657 S   
23564  1099   657 S   
23565   657   657 S   
23566  1099   657 S   
23568  1099   657 S   
23584   660   660 S   
23845  1099   657 S   
26043     1 26043 S   
26056     1 26056 Ss  
26059     1 26059 Ss  
26071     1 26071 Ss  
26532     1 26532 Ss  
26533     1 26533 Ss  
26534     1 26534 S   
26535     1 26535 Ss  
26536     1 26536 Ss  
26537     1 26537 S   
26540     1 26540 Ss  
26541     1 26541 S   
26542     1 26542 Ss  
26543     1 26543 Ss  
26544     1 26544 Ss  
26545     1 26545 Ss  
26546     1 26546 Ss  
26547     1 26547 Ss  
26548     1 26548 Ss  
26550     1 26550 Ss  
26552     1 26552 S   
26553     1 26553 Ss  
26554     1 26554 Ss  
26555     1 26555 Ss  
26556     1 26556 Ss  
26568     1 26568 Ss  
26569     1 26569 Ss  
26571     1 26571 Ss  
26572     1 26572 S   
26588     1 26588 Ss  
26589     1 26589 S   
26590     1 26590 Ss  
26593     1 26593 Ss  
26594     1 26594 Ss  
26616     1 26616 Ss  
26618     1 26618 Ss  
26619     1 26619 Ss  
26621     1 26621 S   
26622     1 26622 Ss  
26629     1 26629 Ss  
26630     1 26630 Ss  
26633     1 26633 S   
26634     1 26634 S   
26635     1 26635 S   
26636     1 26636 S   
26639     1 26639 Ss  
26640     1 26640 Ss  
26642     1 26642 S   
26644     1 26644 Ss  
26646     1 26646 S   
26647     1 26647 S   
26648     1 26648 S   
26650     1 26650 S   
26651     1 26651 S   
26662     1 26662 S   
26683     1 26683 S   
26688     1 26688 S   
26693     1 26693 S   
26701     1 26701 S   
26702     1 26702 S   
26703     1 26703 S   
26704     1 26704 S   
26712     1 26712 S   
26713     1 26713 S   
26714     1 26714 S   
26715     1 26715 S   
26716     1 26716 Ss  
26717     1 26717 S   
26718     1 26718 S   
26719     1 26719 S   
26720     1 26720 S   
26721     1 26721 S   
26722     1 26722 S   
26723     1 26723 S   
26724     1 26724 S   
26725     1 26725 S   
26726     1 26726 S   
26727     1 26727 S   
26729     1 26729 S   
26731     1 26731 S   
26737     1 26737 Ss  
26741     1 26741 Ss  
26742     1 26742 S   
26743     1 26743 S   
26744     1 26744 S   
26745     1 26745 S   
26746     1 26746 S   
26747     1 26747 S   
26752     1 26752 S   
26753     1 26753 Ss  
26754     1 26754 S   
26755     1 26755 Ss  
26756     1 26756 Ss  
26757     1 26757 Ss  
26759 64972 64972 S   
26768     1 26768 Ss  
26770     1 26770 S   
26779     1 26779 Ss  
26780     1 26780 S   
26781     1 26781 S   
26782     1 26782 Ss  
26791     1 26791 S   
26792     1 26792 S   
26805     1 26805 S   
26806     1 26806 Ss  
26816     1 26816 Ss  
26990     1 26990 Ss  
27214     1 27214 S   
27449     1 27449 S   
27450     1 27450 S   
27451     1 27451 S   
27452     1 27452 S   
27453     1 27453 S   
27464     1 27464 S   
27469     1 27469 S   
27470     1 27470 S   
27471     1 27471 S   
27473 41132 27473 Ss  
27508 27473 27473 R   
27509 41132 27509 Rs  
29748     1 29748 Ss  
29869 41132 29869 S   
29870 41132 29870 S   
29871 41132 29871 S   
29872 41132 29872 S   
29875 29869 29869 S   
38801     1 38801 S   
38846     1 38846 Ss  
39098     1 39098 Ss  
41026     1 41026 S   
41032     1 41032 Ss  
41046     1 41045 S   
41048     1 41047 S   
41055 41026 41026 S   
41056 41026 41026 S   
41059 41026 41026 S   
41116 41026 41026 S   
41130 41026 41026 S   
41131 41026 41026 R   
41132 41026 41026 S   
41172 41026 41026 S   
41174     1 41174 Ss  
41187 41026 41026 S   
41470 41026 41026 S   
41479 41026 41026 S   
41480 41026 41026 S   
41488 41132 41488 S   
41583     1 41583 Ss  
41660 41132 41660 S   
41661 41132 41661 S   
41662 41132 41662 S   
41663 41132 41663 S   
41722 41661 41661 S   
43550   647   647 S   
47084     1 47084 S<  
49488   647   647 S   
54433     1 54433 Ss  
61341   647   647 S   
62143     1 62143 Ss  
64972     1 64972 S   
64991 64972 64991 S   
64994     1 64993 S   
65001 64991 64991 S   
65003 64991 64991 S   
65004 64991 64991 S   
65009 64991 64991 S   
72725     1 72725 S   
72804     1 72804 S   
72810     1 72810 S   
73477     1 73476 S   
74444     1 74443 S   
74445  1774  1774 S   
74450     1 74450 Ss  
74451     1 74451 Ss  
74452     1 74452 Ss  
74456     1 74456 Ss  
74457     1 74457 S   
74465     1 74465 Ss  
74480     1 74480 Ss  
75755   647   647 S   
77044     1 77044 S   
77204  1099   657 S   
77585     1 77585 Ss  
77868   647   647 S   
78210   647   647 S   
78260   647   647 S   
78261   647   647 S   
81061     1 81061 S   
81083     1 81083 Ss  
81085     1 81085 Ss  
81092     1 81092 Ss  
81138     1 81138 Ss  
81140     1 81140 Ss  
81201     1 81201 Ss  
81504     1 81504 Ss  
83175   647   647 S   
83413     1 83413 Ss  
83996 41132 83996 S   
83997 41132 83997 S   
83998 41132 83998 S   
83999 41132 83999 S   
84001 83999 83999 S   
87195     1 87194 S   
87242     1 87241 S   
87391     1 87391 S   
89207 64991 64991 S   
92088     1 92088 S   
94404     1 94404 Ss  
95027     1 95027 S   
95033     1 95033 S   
95133     1 95133 S   
95159     1 95159 S   
95204     1 95204 Ss  
95274     1 95274 S   
95349 41132 95349 S   
95350 41132 95350 S   
95351 41132 95351 S   
95352 41132 95352 S   
95367 95352 95352 S   
95384     1 95384 S   
95385     1 95385 S   
95386     1 95386 S   
95428     1 95428 Ss  
95443     1 95443 Ss  
95490     1 95490 Ss  
98496     1 98496 S   
98497     1 98497 Ss  
 1116   700  1116 Ss  
 1117  1116  1117 S+  
 1462  1454  1462 Ss  
 1465  1462  1465 S+  
 1463  1454  1463 Ss  
 1466  1463  1466 S+  
 1464  1454  1464 Ss  
 1467  1464  1467 S+  
 1526  1454  1526 Ss  
 1527  1526  1527 S+  
 1594  1454  1594 Ss  
 1596  1594  1596 S+  
 1633  1454  1633 Ss  
 1634  1633  1634 S+  
